location,age_group,forecast_date,target_end_date,target,type,quantile,value,pathogen
DE,00+,2022-04-06,2022-03-09,-28 day ahead inc hosp,mean,NA,9515,COVID-19
DE,00+,2022-04-06,2022-03-09,-28 day ahead inc hosp,quantile,0.025,9515,COVID-19
DE,00+,2022-04-06,2022-03-09,-28 day ahead inc hosp,quantile,0.1,9515,COVID-19
DE,00+,2022-04-06,2022-03-09,-28 day ahead inc hosp,quantile,0.25,9515,COVID-19
DE,00+,2022-04-06,2022-03-09,-28 day ahead inc hosp,quantile,0.5,9515,COVID-19
DE,00+,2022-04-06,2022-03-09,-28 day ahead inc hosp,quantile,0.75,9515,COVID-19
DE,00+,2022-04-06,2022-03-09,-28 day ahead inc hosp,quantile,0.9,9515,COVID-19
DE,00+,2022-04-06,2022-03-09,-28 day ahead inc hosp,quantile,0.975,9515,COVID-19
DE,00+,2022-04-06,2022-03-10,-27 day ahead inc hosp,mean,NA,9677,COVID-19
DE,00+,2022-04-06,2022-03-10,-27 day ahead inc hosp,quantile,0.025,9677,COVID-19
DE,00+,2022-04-06,2022-03-10,-27 day ahead inc hosp,quantile,0.1,9677,COVID-19
DE,00+,2022-04-06,2022-03-10,-27 day ahead inc hosp,quantile,0.25,9677,COVID-19
DE,00+,2022-04-06,2022-03-10,-27 day ahead inc hosp,quantile,0.5,9677,COVID-19
DE,00+,2022-04-06,2022-03-10,-27 day ahead inc hosp,quantile,0.75,9677,COVID-19
DE,00+,2022-04-06,2022-03-10,-27 day ahead inc hosp,quantile,0.9,9677,COVID-19
DE,00+,2022-04-06,2022-03-10,-27 day ahead inc hosp,quantile,0.975,9677,COVID-19
DE,00+,2022-04-06,2022-03-11,-26 day ahead inc hosp,mean,NA,9887,COVID-19
DE,00+,2022-04-06,2022-03-11,-26 day ahead inc hosp,quantile,0.025,9887,COVID-19
DE,00+,2022-04-06,2022-03-11,-26 day ahead inc hosp,quantile,0.1,9887,COVID-19
DE,00+,2022-04-06,2022-03-11,-26 day ahead inc hosp,quantile,0.25,9887,COVID-19
DE,00+,2022-04-06,2022-03-11,-26 day ahead inc hosp,quantile,0.5,9887,COVID-19
DE,00+,2022-04-06,2022-03-11,-26 day ahead inc hosp,quantile,0.75,9887,COVID-19
DE,00+,2022-04-06,2022-03-11,-26 day ahead inc hosp,quantile,0.9,9887,COVID-19
DE,00+,2022-04-06,2022-03-11,-26 day ahead inc hosp,quantile,0.975,9887,COVID-19
DE,00+,2022-04-06,2022-03-12,-25 day ahead inc hosp,mean,NA,10081,COVID-19
DE,00+,2022-04-06,2022-03-12,-25 day ahead inc hosp,quantile,0.025,10081,COVID-19
DE,00+,2022-04-06,2022-03-12,-25 day ahead inc hosp,quantile,0.1,10081,COVID-19
DE,00+,2022-04-06,2022-03-12,-25 day ahead inc hosp,quantile,0.25,10081,COVID-19
DE,00+,2022-04-06,2022-03-12,-25 day ahead inc hosp,quantile,0.5,10081,COVID-19
DE,00+,2022-04-06,2022-03-12,-25 day ahead inc hosp,quantile,0.75,10081,COVID-19
DE,00+,2022-04-06,2022-03-12,-25 day ahead inc hosp,quantile,0.9,10081,COVID-19
DE,00+,2022-04-06,2022-03-12,-25 day ahead inc hosp,quantile,0.975,10081,COVID-19
DE,00+,2022-04-06,2022-03-13,-24 day ahead inc hosp,mean,NA,10198,COVID-19
DE,00+,2022-04-06,2022-03-13,-24 day ahead inc hosp,quantile,0.025,10198,COVID-19
DE,00+,2022-04-06,2022-03-13,-24 day ahead inc hosp,quantile,0.1,10198,COVID-19
DE,00+,2022-04-06,2022-03-13,-24 day ahead inc hosp,quantile,0.25,10198,COVID-19
DE,00+,2022-04-06,2022-03-13,-24 day ahead inc hosp,quantile,0.5,10198,COVID-19
DE,00+,2022-04-06,2022-03-13,-24 day ahead inc hosp,quantile,0.75,10198,COVID-19
DE,00+,2022-04-06,2022-03-13,-24 day ahead inc hosp,quantile,0.9,10198,COVID-19
DE,00+,2022-04-06,2022-03-13,-24 day ahead inc hosp,quantile,0.975,10198,COVID-19
DE,00+,2022-04-06,2022-03-14,-23 day ahead inc hosp,mean,NA,10277,COVID-19
DE,00+,2022-04-06,2022-03-14,-23 day ahead inc hosp,quantile,0.025,10277,COVID-19
DE,00+,2022-04-06,2022-03-14,-23 day ahead inc hosp,quantile,0.1,10277,COVID-19
DE,00+,2022-04-06,2022-03-14,-23 day ahead inc hosp,quantile,0.25,10277,COVID-19
DE,00+,2022-04-06,2022-03-14,-23 day ahead inc hosp,quantile,0.5,10277,COVID-19
DE,00+,2022-04-06,2022-03-14,-23 day ahead inc hosp,quantile,0.75,10277,COVID-19
DE,00+,2022-04-06,2022-03-14,-23 day ahead inc hosp,quantile,0.9,10277,COVID-19
DE,00+,2022-04-06,2022-03-14,-23 day ahead inc hosp,quantile,0.975,10277,COVID-19
DE,00+,2022-04-06,2022-03-15,-22 day ahead inc hosp,mean,NA,10650,COVID-19
DE,00+,2022-04-06,2022-03-15,-22 day ahead inc hosp,quantile,0.025,10650,COVID-19
DE,00+,2022-04-06,2022-03-15,-22 day ahead inc hosp,quantile,0.1,10650,COVID-19
DE,00+,2022-04-06,2022-03-15,-22 day ahead inc hosp,quantile,0.25,10650,COVID-19
DE,00+,2022-04-06,2022-03-15,-22 day ahead inc hosp,quantile,0.5,10650,COVID-19
DE,00+,2022-04-06,2022-03-15,-22 day ahead inc hosp,quantile,0.75,10650,COVID-19
DE,00+,2022-04-06,2022-03-15,-22 day ahead inc hosp,quantile,0.9,10650,COVID-19
DE,00+,2022-04-06,2022-03-15,-22 day ahead inc hosp,quantile,0.975,10650,COVID-19
DE,00+,2022-04-06,2022-03-16,-21 day ahead inc hosp,mean,NA,10776,COVID-19
DE,00+,2022-04-06,2022-03-16,-21 day ahead inc hosp,quantile,0.025,10776,COVID-19
DE,00+,2022-04-06,2022-03-16,-21 day ahead inc hosp,quantile,0.1,10776,COVID-19
DE,00+,2022-04-06,2022-03-16,-21 day ahead inc hosp,quantile,0.25,10776,COVID-19
DE,00+,2022-04-06,2022-03-16,-21 day ahead inc hosp,quantile,0.5,10776,COVID-19
DE,00+,2022-04-06,2022-03-16,-21 day ahead inc hosp,quantile,0.75,10776,COVID-19
DE,00+,2022-04-06,2022-03-16,-21 day ahead inc hosp,quantile,0.9,10776,COVID-19
DE,00+,2022-04-06,2022-03-16,-21 day ahead inc hosp,quantile,0.975,10776,COVID-19
DE,00+,2022-04-06,2022-03-17,-20 day ahead inc hosp,mean,NA,10908,COVID-19
DE,00+,2022-04-06,2022-03-17,-20 day ahead inc hosp,quantile,0.025,10908,COVID-19
DE,00+,2022-04-06,2022-03-17,-20 day ahead inc hosp,quantile,0.1,10908,COVID-19
DE,00+,2022-04-06,2022-03-17,-20 day ahead inc hosp,quantile,0.25,10908,COVID-19
DE,00+,2022-04-06,2022-03-17,-20 day ahead inc hosp,quantile,0.5,10908,COVID-19
DE,00+,2022-04-06,2022-03-17,-20 day ahead inc hosp,quantile,0.75,10908,COVID-19
DE,00+,2022-04-06,2022-03-17,-20 day ahead inc hosp,quantile,0.9,10908,COVID-19
DE,00+,2022-04-06,2022-03-17,-20 day ahead inc hosp,quantile,0.975,10908,COVID-19
DE,00+,2022-04-06,2022-03-18,-19 day ahead inc hosp,mean,NA,10946,COVID-19
DE,00+,2022-04-06,2022-03-18,-19 day ahead inc hosp,quantile,0.025,10946,COVID-19
DE,00+,2022-04-06,2022-03-18,-19 day ahead inc hosp,quantile,0.1,10946,COVID-19
DE,00+,2022-04-06,2022-03-18,-19 day ahead inc hosp,quantile,0.25,10946,COVID-19
DE,00+,2022-04-06,2022-03-18,-19 day ahead inc hosp,quantile,0.5,10946,COVID-19
DE,00+,2022-04-06,2022-03-18,-19 day ahead inc hosp,quantile,0.75,10946,COVID-19
DE,00+,2022-04-06,2022-03-18,-19 day ahead inc hosp,quantile,0.9,10946,COVID-19
DE,00+,2022-04-06,2022-03-18,-19 day ahead inc hosp,quantile,0.975,10946,COVID-19
DE,00+,2022-04-06,2022-03-19,-18 day ahead inc hosp,mean,NA,10933,COVID-19
DE,00+,2022-04-06,2022-03-19,-18 day ahead inc hosp,quantile,0.025,10933,COVID-19
DE,00+,2022-04-06,2022-03-19,-18 day ahead inc hosp,quantile,0.1,10933,COVID-19
DE,00+,2022-04-06,2022-03-19,-18 day ahead inc hosp,quantile,0.25,10933,COVID-19
DE,00+,2022-04-06,2022-03-19,-18 day ahead inc hosp,quantile,0.5,10933,COVID-19
DE,00+,2022-04-06,2022-03-19,-18 day ahead inc hosp,quantile,0.75,10933,COVID-19
DE,00+,2022-04-06,2022-03-19,-18 day ahead inc hosp,quantile,0.9,10933,COVID-19
DE,00+,2022-04-06,2022-03-19,-18 day ahead inc hosp,quantile,0.975,10933,COVID-19
DE,00+,2022-04-06,2022-03-20,-17 day ahead inc hosp,mean,NA,10799,COVID-19
DE,00+,2022-04-06,2022-03-20,-17 day ahead inc hosp,quantile,0.025,10799,COVID-19
DE,00+,2022-04-06,2022-03-20,-17 day ahead inc hosp,quantile,0.1,10799,COVID-19
DE,00+,2022-04-06,2022-03-20,-17 day ahead inc hosp,quantile,0.25,10799,COVID-19
DE,00+,2022-04-06,2022-03-20,-17 day ahead inc hosp,quantile,0.5,10799,COVID-19
DE,00+,2022-04-06,2022-03-20,-17 day ahead inc hosp,quantile,0.75,10799,COVID-19
DE,00+,2022-04-06,2022-03-20,-17 day ahead inc hosp,quantile,0.9,10799,COVID-19
DE,00+,2022-04-06,2022-03-20,-17 day ahead inc hosp,quantile,0.975,10799,COVID-19
DE,00+,2022-04-06,2022-03-21,-16 day ahead inc hosp,mean,NA,10706,COVID-19
DE,00+,2022-04-06,2022-03-21,-16 day ahead inc hosp,quantile,0.025,10706,COVID-19
DE,00+,2022-04-06,2022-03-21,-16 day ahead inc hosp,quantile,0.1,10706,COVID-19
DE,00+,2022-04-06,2022-03-21,-16 day ahead inc hosp,quantile,0.25,10706,COVID-19
DE,00+,2022-04-06,2022-03-21,-16 day ahead inc hosp,quantile,0.5,10706,COVID-19
DE,00+,2022-04-06,2022-03-21,-16 day ahead inc hosp,quantile,0.75,10706,COVID-19
DE,00+,2022-04-06,2022-03-21,-16 day ahead inc hosp,quantile,0.9,10706,COVID-19
DE,00+,2022-04-06,2022-03-21,-16 day ahead inc hosp,quantile,0.975,10706,COVID-19
DE,00+,2022-04-06,2022-03-22,-15 day ahead inc hosp,mean,NA,10516,COVID-19
DE,00+,2022-04-06,2022-03-22,-15 day ahead inc hosp,quantile,0.025,10516,COVID-19
DE,00+,2022-04-06,2022-03-22,-15 day ahead inc hosp,quantile,0.1,10516,COVID-19
DE,00+,2022-04-06,2022-03-22,-15 day ahead inc hosp,quantile,0.25,10516,COVID-19
DE,00+,2022-04-06,2022-03-22,-15 day ahead inc hosp,quantile,0.5,10516,COVID-19
DE,00+,2022-04-06,2022-03-22,-15 day ahead inc hosp,quantile,0.75,10516,COVID-19
DE,00+,2022-04-06,2022-03-22,-15 day ahead inc hosp,quantile,0.9,10516,COVID-19
DE,00+,2022-04-06,2022-03-22,-15 day ahead inc hosp,quantile,0.975,10516,COVID-19
DE,00+,2022-04-06,2022-03-23,-14 day ahead inc hosp,mean,NA,10440,COVID-19
DE,00+,2022-04-06,2022-03-23,-14 day ahead inc hosp,quantile,0.025,10440,COVID-19
DE,00+,2022-04-06,2022-03-23,-14 day ahead inc hosp,quantile,0.1,10440,COVID-19
DE,00+,2022-04-06,2022-03-23,-14 day ahead inc hosp,quantile,0.25,10440,COVID-19
DE,00+,2022-04-06,2022-03-23,-14 day ahead inc hosp,quantile,0.5,10440,COVID-19
DE,00+,2022-04-06,2022-03-23,-14 day ahead inc hosp,quantile,0.75,10440,COVID-19
DE,00+,2022-04-06,2022-03-23,-14 day ahead inc hosp,quantile,0.9,10440,COVID-19
DE,00+,2022-04-06,2022-03-23,-14 day ahead inc hosp,quantile,0.975,10440,COVID-19
DE,00+,2022-04-06,2022-03-24,-13 day ahead inc hosp,mean,NA,10274,COVID-19
DE,00+,2022-04-06,2022-03-24,-13 day ahead inc hosp,quantile,0.025,10274,COVID-19
DE,00+,2022-04-06,2022-03-24,-13 day ahead inc hosp,quantile,0.1,10274,COVID-19
DE,00+,2022-04-06,2022-03-24,-13 day ahead inc hosp,quantile,0.25,10274,COVID-19
DE,00+,2022-04-06,2022-03-24,-13 day ahead inc hosp,quantile,0.5,10274,COVID-19
DE,00+,2022-04-06,2022-03-24,-13 day ahead inc hosp,quantile,0.75,10274,COVID-19
DE,00+,2022-04-06,2022-03-24,-13 day ahead inc hosp,quantile,0.9,10274,COVID-19
DE,00+,2022-04-06,2022-03-24,-13 day ahead inc hosp,quantile,0.975,10274,COVID-19
DE,00+,2022-04-06,2022-03-25,-12 day ahead inc hosp,mean,NA,10068,COVID-19
DE,00+,2022-04-06,2022-03-25,-12 day ahead inc hosp,quantile,0.025,10068,COVID-19
DE,00+,2022-04-06,2022-03-25,-12 day ahead inc hosp,quantile,0.1,10068,COVID-19
DE,00+,2022-04-06,2022-03-25,-12 day ahead inc hosp,quantile,0.25,10068,COVID-19
DE,00+,2022-04-06,2022-03-25,-12 day ahead inc hosp,quantile,0.5,10068,COVID-19
DE,00+,2022-04-06,2022-03-25,-12 day ahead inc hosp,quantile,0.75,10068,COVID-19
DE,00+,2022-04-06,2022-03-25,-12 day ahead inc hosp,quantile,0.9,10068,COVID-19
DE,00+,2022-04-06,2022-03-25,-12 day ahead inc hosp,quantile,0.975,10068,COVID-19
DE,00+,2022-04-06,2022-03-26,-11 day ahead inc hosp,mean,NA,9912,COVID-19
DE,00+,2022-04-06,2022-03-26,-11 day ahead inc hosp,quantile,0.025,9912,COVID-19
DE,00+,2022-04-06,2022-03-26,-11 day ahead inc hosp,quantile,0.1,9912,COVID-19
DE,00+,2022-04-06,2022-03-26,-11 day ahead inc hosp,quantile,0.25,9912,COVID-19
DE,00+,2022-04-06,2022-03-26,-11 day ahead inc hosp,quantile,0.5,9912,COVID-19
DE,00+,2022-04-06,2022-03-26,-11 day ahead inc hosp,quantile,0.75,9912,COVID-19
DE,00+,2022-04-06,2022-03-26,-11 day ahead inc hosp,quantile,0.9,9912,COVID-19
DE,00+,2022-04-06,2022-03-26,-11 day ahead inc hosp,quantile,0.975,9912,COVID-19
DE,00+,2022-04-06,2022-03-27,-10 day ahead inc hosp,mean,NA,9826,COVID-19
DE,00+,2022-04-06,2022-03-27,-10 day ahead inc hosp,quantile,0.025,9826,COVID-19
DE,00+,2022-04-06,2022-03-27,-10 day ahead inc hosp,quantile,0.1,9826,COVID-19
DE,00+,2022-04-06,2022-03-27,-10 day ahead inc hosp,quantile,0.25,9826,COVID-19
DE,00+,2022-04-06,2022-03-27,-10 day ahead inc hosp,quantile,0.5,9826,COVID-19
DE,00+,2022-04-06,2022-03-27,-10 day ahead inc hosp,quantile,0.75,9826,COVID-19
DE,00+,2022-04-06,2022-03-27,-10 day ahead inc hosp,quantile,0.9,9826,COVID-19
DE,00+,2022-04-06,2022-03-27,-10 day ahead inc hosp,quantile,0.975,9826,COVID-19
DE,00+,2022-04-06,2022-03-28,-9 day ahead inc hosp,mean,NA,9753,COVID-19
DE,00+,2022-04-06,2022-03-28,-9 day ahead inc hosp,quantile,0.025,9753,COVID-19
DE,00+,2022-04-06,2022-03-28,-9 day ahead inc hosp,quantile,0.1,9753,COVID-19
DE,00+,2022-04-06,2022-03-28,-9 day ahead inc hosp,quantile,0.25,9753,COVID-19
DE,00+,2022-04-06,2022-03-28,-9 day ahead inc hosp,quantile,0.5,9753,COVID-19
DE,00+,2022-04-06,2022-03-28,-9 day ahead inc hosp,quantile,0.75,9753,COVID-19
DE,00+,2022-04-06,2022-03-28,-9 day ahead inc hosp,quantile,0.9,9753,COVID-19
DE,00+,2022-04-06,2022-03-28,-9 day ahead inc hosp,quantile,0.975,9753,COVID-19
DE,00+,2022-04-06,2022-03-29,-8 day ahead inc hosp,mean,NA,9591,COVID-19
DE,00+,2022-04-06,2022-03-29,-8 day ahead inc hosp,quantile,0.025,9591,COVID-19
DE,00+,2022-04-06,2022-03-29,-8 day ahead inc hosp,quantile,0.1,9591,COVID-19
DE,00+,2022-04-06,2022-03-29,-8 day ahead inc hosp,quantile,0.25,9591,COVID-19
DE,00+,2022-04-06,2022-03-29,-8 day ahead inc hosp,quantile,0.5,9591,COVID-19
DE,00+,2022-04-06,2022-03-29,-8 day ahead inc hosp,quantile,0.75,9591,COVID-19
DE,00+,2022-04-06,2022-03-29,-8 day ahead inc hosp,quantile,0.9,9591,COVID-19
DE,00+,2022-04-06,2022-03-29,-8 day ahead inc hosp,quantile,0.975,9591,COVID-19
DE,00+,2022-04-06,2022-03-30,-7 day ahead inc hosp,mean,NA,9227,COVID-19
DE,00+,2022-04-06,2022-03-30,-7 day ahead inc hosp,quantile,0.025,9227,COVID-19
DE,00+,2022-04-06,2022-03-30,-7 day ahead inc hosp,quantile,0.1,9227,COVID-19
DE,00+,2022-04-06,2022-03-30,-7 day ahead inc hosp,quantile,0.25,9227,COVID-19
DE,00+,2022-04-06,2022-03-30,-7 day ahead inc hosp,quantile,0.5,9227,COVID-19
DE,00+,2022-04-06,2022-03-30,-7 day ahead inc hosp,quantile,0.75,9227,COVID-19
DE,00+,2022-04-06,2022-03-30,-7 day ahead inc hosp,quantile,0.9,9227,COVID-19
DE,00+,2022-04-06,2022-03-30,-7 day ahead inc hosp,quantile,0.975,9227,COVID-19
DE,00+,2022-04-06,2022-03-31,-6 day ahead inc hosp,mean,NA,8800,COVID-19
DE,00+,2022-04-06,2022-03-31,-6 day ahead inc hosp,quantile,0.025,8800,COVID-19
DE,00+,2022-04-06,2022-03-31,-6 day ahead inc hosp,quantile,0.1,8800,COVID-19
DE,00+,2022-04-06,2022-03-31,-6 day ahead inc hosp,quantile,0.25,8800,COVID-19
DE,00+,2022-04-06,2022-03-31,-6 day ahead inc hosp,quantile,0.5,8800,COVID-19
DE,00+,2022-04-06,2022-03-31,-6 day ahead inc hosp,quantile,0.75,8800,COVID-19
DE,00+,2022-04-06,2022-03-31,-6 day ahead inc hosp,quantile,0.9,8800,COVID-19
DE,00+,2022-04-06,2022-03-31,-6 day ahead inc hosp,quantile,0.975,8800,COVID-19
DE,00+,2022-04-06,2022-04-01,-5 day ahead inc hosp,mean,NA,8377,COVID-19
DE,00+,2022-04-06,2022-04-01,-5 day ahead inc hosp,quantile,0.025,8377,COVID-19
DE,00+,2022-04-06,2022-04-01,-5 day ahead inc hosp,quantile,0.1,8377,COVID-19
DE,00+,2022-04-06,2022-04-01,-5 day ahead inc hosp,quantile,0.25,8377,COVID-19
DE,00+,2022-04-06,2022-04-01,-5 day ahead inc hosp,quantile,0.5,8377,COVID-19
DE,00+,2022-04-06,2022-04-01,-5 day ahead inc hosp,quantile,0.75,8377,COVID-19
DE,00+,2022-04-06,2022-04-01,-5 day ahead inc hosp,quantile,0.9,8377,COVID-19
DE,00+,2022-04-06,2022-04-01,-5 day ahead inc hosp,quantile,0.975,8377,COVID-19
DE,00+,2022-04-06,2022-04-02,-4 day ahead inc hosp,mean,NA,7779,COVID-19
DE,00+,2022-04-06,2022-04-02,-4 day ahead inc hosp,quantile,0.025,7779,COVID-19
DE,00+,2022-04-06,2022-04-02,-4 day ahead inc hosp,quantile,0.1,7779,COVID-19
DE,00+,2022-04-06,2022-04-02,-4 day ahead inc hosp,quantile,0.25,7779,COVID-19
DE,00+,2022-04-06,2022-04-02,-4 day ahead inc hosp,quantile,0.5,7779,COVID-19
DE,00+,2022-04-06,2022-04-02,-4 day ahead inc hosp,quantile,0.75,7779,COVID-19
DE,00+,2022-04-06,2022-04-02,-4 day ahead inc hosp,quantile,0.9,7779,COVID-19
DE,00+,2022-04-06,2022-04-02,-4 day ahead inc hosp,quantile,0.975,7779,COVID-19
DE,00+,2022-04-06,2022-04-03,-3 day ahead inc hosp,mean,NA,7474,COVID-19
DE,00+,2022-04-06,2022-04-03,-3 day ahead inc hosp,quantile,0.025,7474,COVID-19
DE,00+,2022-04-06,2022-04-03,-3 day ahead inc hosp,quantile,0.1,7474,COVID-19
DE,00+,2022-04-06,2022-04-03,-3 day ahead inc hosp,quantile,0.25,7474,COVID-19
DE,00+,2022-04-06,2022-04-03,-3 day ahead inc hosp,quantile,0.5,7474,COVID-19
DE,00+,2022-04-06,2022-04-03,-3 day ahead inc hosp,quantile,0.75,7474,COVID-19
DE,00+,2022-04-06,2022-04-03,-3 day ahead inc hosp,quantile,0.9,7474,COVID-19
DE,00+,2022-04-06,2022-04-03,-3 day ahead inc hosp,quantile,0.975,7474,COVID-19
DE,00+,2022-04-06,2022-04-04,-2 day ahead inc hosp,mean,NA,7234,COVID-19
DE,00+,2022-04-06,2022-04-04,-2 day ahead inc hosp,quantile,0.025,7234,COVID-19
DE,00+,2022-04-06,2022-04-04,-2 day ahead inc hosp,quantile,0.1,7234,COVID-19
DE,00+,2022-04-06,2022-04-04,-2 day ahead inc hosp,quantile,0.25,7234,COVID-19
DE,00+,2022-04-06,2022-04-04,-2 day ahead inc hosp,quantile,0.5,7234,COVID-19
DE,00+,2022-04-06,2022-04-04,-2 day ahead inc hosp,quantile,0.75,7234,COVID-19
DE,00+,2022-04-06,2022-04-04,-2 day ahead inc hosp,quantile,0.9,7234,COVID-19
DE,00+,2022-04-06,2022-04-04,-2 day ahead inc hosp,quantile,0.975,7234,COVID-19
DE,00+,2022-04-06,2022-04-05,-1 day ahead inc hosp,mean,NA,6613,COVID-19
DE,00+,2022-04-06,2022-04-05,-1 day ahead inc hosp,quantile,0.025,6613,COVID-19
DE,00+,2022-04-06,2022-04-05,-1 day ahead inc hosp,quantile,0.1,6613,COVID-19
DE,00+,2022-04-06,2022-04-05,-1 day ahead inc hosp,quantile,0.25,6613,COVID-19
DE,00+,2022-04-06,2022-04-05,-1 day ahead inc hosp,quantile,0.5,6613,COVID-19
DE,00+,2022-04-06,2022-04-05,-1 day ahead inc hosp,quantile,0.75,6613,COVID-19
DE,00+,2022-04-06,2022-04-05,-1 day ahead inc hosp,quantile,0.9,6613,COVID-19
DE,00+,2022-04-06,2022-04-05,-1 day ahead inc hosp,quantile,0.975,6613,COVID-19
DE,00+,2022-04-06,2022-04-06,0 day ahead inc hosp,mean,NA,5503,COVID-19
DE,00+,2022-04-06,2022-04-06,0 day ahead inc hosp,quantile,0.025,5503,COVID-19
DE,00+,2022-04-06,2022-04-06,0 day ahead inc hosp,quantile,0.1,5503,COVID-19
DE,00+,2022-04-06,2022-04-06,0 day ahead inc hosp,quantile,0.25,5503,COVID-19
DE,00+,2022-04-06,2022-04-06,0 day ahead inc hosp,quantile,0.5,5503,COVID-19
DE,00+,2022-04-06,2022-04-06,0 day ahead inc hosp,quantile,0.75,5503,COVID-19
DE,00+,2022-04-06,2022-04-06,0 day ahead inc hosp,quantile,0.9,5503,COVID-19
DE,00+,2022-04-06,2022-04-06,0 day ahead inc hosp,quantile,0.975,5503,COVID-19
DE,00-04,2022-04-06,2022-03-09,-28 day ahead inc hosp,mean,NA,379,COVID-19
DE,00-04,2022-04-06,2022-03-09,-28 day ahead inc hosp,quantile,0.025,379,COVID-19
DE,00-04,2022-04-06,2022-03-09,-28 day ahead inc hosp,quantile,0.1,379,COVID-19
DE,00-04,2022-04-06,2022-03-09,-28 day ahead inc hosp,quantile,0.25,379,COVID-19
DE,00-04,2022-04-06,2022-03-09,-28 day ahead inc hosp,quantile,0.5,379,COVID-19
DE,00-04,2022-04-06,2022-03-09,-28 day ahead inc hosp,quantile,0.75,379,COVID-19
DE,00-04,2022-04-06,2022-03-09,-28 day ahead inc hosp,quantile,0.9,379,COVID-19
DE,00-04,2022-04-06,2022-03-09,-28 day ahead inc hosp,quantile,0.975,379,COVID-19
DE,00-04,2022-04-06,2022-03-10,-27 day ahead inc hosp,mean,NA,369,COVID-19
DE,00-04,2022-04-06,2022-03-10,-27 day ahead inc hosp,quantile,0.025,369,COVID-19
DE,00-04,2022-04-06,2022-03-10,-27 day ahead inc hosp,quantile,0.1,369,COVID-19
DE,00-04,2022-04-06,2022-03-10,-27 day ahead inc hosp,quantile,0.25,369,COVID-19
DE,00-04,2022-04-06,2022-03-10,-27 day ahead inc hosp,quantile,0.5,369,COVID-19
DE,00-04,2022-04-06,2022-03-10,-27 day ahead inc hosp,quantile,0.75,369,COVID-19
DE,00-04,2022-04-06,2022-03-10,-27 day ahead inc hosp,quantile,0.9,369,COVID-19
DE,00-04,2022-04-06,2022-03-10,-27 day ahead inc hosp,quantile,0.975,369,COVID-19
DE,00-04,2022-04-06,2022-03-11,-26 day ahead inc hosp,mean,NA,383,COVID-19
DE,00-04,2022-04-06,2022-03-11,-26 day ahead inc hosp,quantile,0.025,383,COVID-19
DE,00-04,2022-04-06,2022-03-11,-26 day ahead inc hosp,quantile,0.1,383,COVID-19
DE,00-04,2022-04-06,2022-03-11,-26 day ahead inc hosp,quantile,0.25,383,COVID-19
DE,00-04,2022-04-06,2022-03-11,-26 day ahead inc hosp,quantile,0.5,383,COVID-19
DE,00-04,2022-04-06,2022-03-11,-26 day ahead inc hosp,quantile,0.75,383,COVID-19
DE,00-04,2022-04-06,2022-03-11,-26 day ahead inc hosp,quantile,0.9,383,COVID-19
DE,00-04,2022-04-06,2022-03-11,-26 day ahead inc hosp,quantile,0.975,383,COVID-19
DE,00-04,2022-04-06,2022-03-12,-25 day ahead inc hosp,mean,NA,404,COVID-19
DE,00-04,2022-04-06,2022-03-12,-25 day ahead inc hosp,quantile,0.025,404,COVID-19
DE,00-04,2022-04-06,2022-03-12,-25 day ahead inc hosp,quantile,0.1,404,COVID-19
DE,00-04,2022-04-06,2022-03-12,-25 day ahead inc hosp,quantile,0.25,404,COVID-19
DE,00-04,2022-04-06,2022-03-12,-25 day ahead inc hosp,quantile,0.5,404,COVID-19
DE,00-04,2022-04-06,2022-03-12,-25 day ahead inc hosp,quantile,0.75,404,COVID-19
DE,00-04,2022-04-06,2022-03-12,-25 day ahead inc hosp,quantile,0.9,404,COVID-19
DE,00-04,2022-04-06,2022-03-12,-25 day ahead inc hosp,quantile,0.975,404,COVID-19
DE,00-04,2022-04-06,2022-03-13,-24 day ahead inc hosp,mean,NA,431,COVID-19
DE,00-04,2022-04-06,2022-03-13,-24 day ahead inc hosp,quantile,0.025,431,COVID-19
DE,00-04,2022-04-06,2022-03-13,-24 day ahead inc hosp,quantile,0.1,431,COVID-19
DE,00-04,2022-04-06,2022-03-13,-24 day ahead inc hosp,quantile,0.25,431,COVID-19
DE,00-04,2022-04-06,2022-03-13,-24 day ahead inc hosp,quantile,0.5,431,COVID-19
DE,00-04,2022-04-06,2022-03-13,-24 day ahead inc hosp,quantile,0.75,431,COVID-19
DE,00-04,2022-04-06,2022-03-13,-24 day ahead inc hosp,quantile,0.9,431,COVID-19
DE,00-04,2022-04-06,2022-03-13,-24 day ahead inc hosp,quantile,0.975,431,COVID-19
DE,00-04,2022-04-06,2022-03-14,-23 day ahead inc hosp,mean,NA,426,COVID-19
DE,00-04,2022-04-06,2022-03-14,-23 day ahead inc hosp,quantile,0.025,426,COVID-19
DE,00-04,2022-04-06,2022-03-14,-23 day ahead inc hosp,quantile,0.1,426,COVID-19
DE,00-04,2022-04-06,2022-03-14,-23 day ahead inc hosp,quantile,0.25,426,COVID-19
DE,00-04,2022-04-06,2022-03-14,-23 day ahead inc hosp,quantile,0.5,426,COVID-19
DE,00-04,2022-04-06,2022-03-14,-23 day ahead inc hosp,quantile,0.75,426,COVID-19
DE,00-04,2022-04-06,2022-03-14,-23 day ahead inc hosp,quantile,0.9,426,COVID-19
DE,00-04,2022-04-06,2022-03-14,-23 day ahead inc hosp,quantile,0.975,426,COVID-19
DE,00-04,2022-04-06,2022-03-15,-22 day ahead inc hosp,mean,NA,454,COVID-19
DE,00-04,2022-04-06,2022-03-15,-22 day ahead inc hosp,quantile,0.025,454,COVID-19
DE,00-04,2022-04-06,2022-03-15,-22 day ahead inc hosp,quantile,0.1,454,COVID-19
DE,00-04,2022-04-06,2022-03-15,-22 day ahead inc hosp,quantile,0.25,454,COVID-19
DE,00-04,2022-04-06,2022-03-15,-22 day ahead inc hosp,quantile,0.5,454,COVID-19
DE,00-04,2022-04-06,2022-03-15,-22 day ahead inc hosp,quantile,0.75,454,COVID-19
DE,00-04,2022-04-06,2022-03-15,-22 day ahead inc hosp,quantile,0.9,454,COVID-19
DE,00-04,2022-04-06,2022-03-15,-22 day ahead inc hosp,quantile,0.975,454,COVID-19
DE,00-04,2022-04-06,2022-03-16,-21 day ahead inc hosp,mean,NA,459,COVID-19
DE,00-04,2022-04-06,2022-03-16,-21 day ahead inc hosp,quantile,0.025,459,COVID-19
DE,00-04,2022-04-06,2022-03-16,-21 day ahead inc hosp,quantile,0.1,459,COVID-19
DE,00-04,2022-04-06,2022-03-16,-21 day ahead inc hosp,quantile,0.25,459,COVID-19
DE,00-04,2022-04-06,2022-03-16,-21 day ahead inc hosp,quantile,0.5,459,COVID-19
DE,00-04,2022-04-06,2022-03-16,-21 day ahead inc hosp,quantile,0.75,459,COVID-19
DE,00-04,2022-04-06,2022-03-16,-21 day ahead inc hosp,quantile,0.9,459,COVID-19
DE,00-04,2022-04-06,2022-03-16,-21 day ahead inc hosp,quantile,0.975,459,COVID-19
DE,00-04,2022-04-06,2022-03-17,-20 day ahead inc hosp,mean,NA,447,COVID-19
DE,00-04,2022-04-06,2022-03-17,-20 day ahead inc hosp,quantile,0.025,447,COVID-19
DE,00-04,2022-04-06,2022-03-17,-20 day ahead inc hosp,quantile,0.1,447,COVID-19
DE,00-04,2022-04-06,2022-03-17,-20 day ahead inc hosp,quantile,0.25,447,COVID-19
DE,00-04,2022-04-06,2022-03-17,-20 day ahead inc hosp,quantile,0.5,447,COVID-19
DE,00-04,2022-04-06,2022-03-17,-20 day ahead inc hosp,quantile,0.75,447,COVID-19
DE,00-04,2022-04-06,2022-03-17,-20 day ahead inc hosp,quantile,0.9,447,COVID-19
DE,00-04,2022-04-06,2022-03-17,-20 day ahead inc hosp,quantile,0.975,447,COVID-19
DE,00-04,2022-04-06,2022-03-18,-19 day ahead inc hosp,mean,NA,451,COVID-19
DE,00-04,2022-04-06,2022-03-18,-19 day ahead inc hosp,quantile,0.025,451,COVID-19
DE,00-04,2022-04-06,2022-03-18,-19 day ahead inc hosp,quantile,0.1,451,COVID-19
DE,00-04,2022-04-06,2022-03-18,-19 day ahead inc hosp,quantile,0.25,451,COVID-19
DE,00-04,2022-04-06,2022-03-18,-19 day ahead inc hosp,quantile,0.5,451,COVID-19
DE,00-04,2022-04-06,2022-03-18,-19 day ahead inc hosp,quantile,0.75,451,COVID-19
DE,00-04,2022-04-06,2022-03-18,-19 day ahead inc hosp,quantile,0.9,451,COVID-19
DE,00-04,2022-04-06,2022-03-18,-19 day ahead inc hosp,quantile,0.975,451,COVID-19
DE,00-04,2022-04-06,2022-03-19,-18 day ahead inc hosp,mean,NA,443,COVID-19
DE,00-04,2022-04-06,2022-03-19,-18 day ahead inc hosp,quantile,0.025,443,COVID-19
DE,00-04,2022-04-06,2022-03-19,-18 day ahead inc hosp,quantile,0.1,443,COVID-19
DE,00-04,2022-04-06,2022-03-19,-18 day ahead inc hosp,quantile,0.25,443,COVID-19
DE,00-04,2022-04-06,2022-03-19,-18 day ahead inc hosp,quantile,0.5,443,COVID-19
DE,00-04,2022-04-06,2022-03-19,-18 day ahead inc hosp,quantile,0.75,443,COVID-19
DE,00-04,2022-04-06,2022-03-19,-18 day ahead inc hosp,quantile,0.9,443,COVID-19
DE,00-04,2022-04-06,2022-03-19,-18 day ahead inc hosp,quantile,0.975,443,COVID-19
DE,00-04,2022-04-06,2022-03-20,-17 day ahead inc hosp,mean,NA,426,COVID-19
DE,00-04,2022-04-06,2022-03-20,-17 day ahead inc hosp,quantile,0.025,426,COVID-19
DE,00-04,2022-04-06,2022-03-20,-17 day ahead inc hosp,quantile,0.1,426,COVID-19
DE,00-04,2022-04-06,2022-03-20,-17 day ahead inc hosp,quantile,0.25,426,COVID-19
DE,00-04,2022-04-06,2022-03-20,-17 day ahead inc hosp,quantile,0.5,426,COVID-19
DE,00-04,2022-04-06,2022-03-20,-17 day ahead inc hosp,quantile,0.75,426,COVID-19
DE,00-04,2022-04-06,2022-03-20,-17 day ahead inc hosp,quantile,0.9,426,COVID-19
DE,00-04,2022-04-06,2022-03-20,-17 day ahead inc hosp,quantile,0.975,426,COVID-19
DE,00-04,2022-04-06,2022-03-21,-16 day ahead inc hosp,mean,NA,426,COVID-19
DE,00-04,2022-04-06,2022-03-21,-16 day ahead inc hosp,quantile,0.025,426,COVID-19
DE,00-04,2022-04-06,2022-03-21,-16 day ahead inc hosp,quantile,0.1,426,COVID-19
DE,00-04,2022-04-06,2022-03-21,-16 day ahead inc hosp,quantile,0.25,426,COVID-19
DE,00-04,2022-04-06,2022-03-21,-16 day ahead inc hosp,quantile,0.5,426,COVID-19
DE,00-04,2022-04-06,2022-03-21,-16 day ahead inc hosp,quantile,0.75,426,COVID-19
DE,00-04,2022-04-06,2022-03-21,-16 day ahead inc hosp,quantile,0.9,426,COVID-19
DE,00-04,2022-04-06,2022-03-21,-16 day ahead inc hosp,quantile,0.975,426,COVID-19
DE,00-04,2022-04-06,2022-03-22,-15 day ahead inc hosp,mean,NA,397,COVID-19
DE,00-04,2022-04-06,2022-03-22,-15 day ahead inc hosp,quantile,0.025,397,COVID-19
DE,00-04,2022-04-06,2022-03-22,-15 day ahead inc hosp,quantile,0.1,397,COVID-19
DE,00-04,2022-04-06,2022-03-22,-15 day ahead inc hosp,quantile,0.25,397,COVID-19
DE,00-04,2022-04-06,2022-03-22,-15 day ahead inc hosp,quantile,0.5,397,COVID-19
DE,00-04,2022-04-06,2022-03-22,-15 day ahead inc hosp,quantile,0.75,397,COVID-19
DE,00-04,2022-04-06,2022-03-22,-15 day ahead inc hosp,quantile,0.9,397,COVID-19
DE,00-04,2022-04-06,2022-03-22,-15 day ahead inc hosp,quantile,0.975,397,COVID-19
DE,00-04,2022-04-06,2022-03-23,-14 day ahead inc hosp,mean,NA,386,COVID-19
DE,00-04,2022-04-06,2022-03-23,-14 day ahead inc hosp,quantile,0.025,386,COVID-19
DE,00-04,2022-04-06,2022-03-23,-14 day ahead inc hosp,quantile,0.1,386,COVID-19
DE,00-04,2022-04-06,2022-03-23,-14 day ahead inc hosp,quantile,0.25,386,COVID-19
DE,00-04,2022-04-06,2022-03-23,-14 day ahead inc hosp,quantile,0.5,386,COVID-19
DE,00-04,2022-04-06,2022-03-23,-14 day ahead inc hosp,quantile,0.75,386,COVID-19
DE,00-04,2022-04-06,2022-03-23,-14 day ahead inc hosp,quantile,0.9,386,COVID-19
DE,00-04,2022-04-06,2022-03-23,-14 day ahead inc hosp,quantile,0.975,386,COVID-19
DE,00-04,2022-04-06,2022-03-24,-13 day ahead inc hosp,mean,NA,388,COVID-19
DE,00-04,2022-04-06,2022-03-24,-13 day ahead inc hosp,quantile,0.025,388,COVID-19
DE,00-04,2022-04-06,2022-03-24,-13 day ahead inc hosp,quantile,0.1,388,COVID-19
DE,00-04,2022-04-06,2022-03-24,-13 day ahead inc hosp,quantile,0.25,388,COVID-19
DE,00-04,2022-04-06,2022-03-24,-13 day ahead inc hosp,quantile,0.5,388,COVID-19
DE,00-04,2022-04-06,2022-03-24,-13 day ahead inc hosp,quantile,0.75,388,COVID-19
DE,00-04,2022-04-06,2022-03-24,-13 day ahead inc hosp,quantile,0.9,388,COVID-19
DE,00-04,2022-04-06,2022-03-24,-13 day ahead inc hosp,quantile,0.975,388,COVID-19
DE,00-04,2022-04-06,2022-03-25,-12 day ahead inc hosp,mean,NA,389,COVID-19
DE,00-04,2022-04-06,2022-03-25,-12 day ahead inc hosp,quantile,0.025,389,COVID-19
DE,00-04,2022-04-06,2022-03-25,-12 day ahead inc hosp,quantile,0.1,389,COVID-19
DE,00-04,2022-04-06,2022-03-25,-12 day ahead inc hosp,quantile,0.25,389,COVID-19
DE,00-04,2022-04-06,2022-03-25,-12 day ahead inc hosp,quantile,0.5,389,COVID-19
DE,00-04,2022-04-06,2022-03-25,-12 day ahead inc hosp,quantile,0.75,389,COVID-19
DE,00-04,2022-04-06,2022-03-25,-12 day ahead inc hosp,quantile,0.9,389,COVID-19
DE,00-04,2022-04-06,2022-03-25,-12 day ahead inc hosp,quantile,0.975,389,COVID-19
DE,00-04,2022-04-06,2022-03-26,-11 day ahead inc hosp,mean,NA,385,COVID-19
DE,00-04,2022-04-06,2022-03-26,-11 day ahead inc hosp,quantile,0.025,385,COVID-19
DE,00-04,2022-04-06,2022-03-26,-11 day ahead inc hosp,quantile,0.1,385,COVID-19
DE,00-04,2022-04-06,2022-03-26,-11 day ahead inc hosp,quantile,0.25,385,COVID-19
DE,00-04,2022-04-06,2022-03-26,-11 day ahead inc hosp,quantile,0.5,385,COVID-19
DE,00-04,2022-04-06,2022-03-26,-11 day ahead inc hosp,quantile,0.75,385,COVID-19
DE,00-04,2022-04-06,2022-03-26,-11 day ahead inc hosp,quantile,0.9,385,COVID-19
DE,00-04,2022-04-06,2022-03-26,-11 day ahead inc hosp,quantile,0.975,385,COVID-19
DE,00-04,2022-04-06,2022-03-27,-10 day ahead inc hosp,mean,NA,368,COVID-19
DE,00-04,2022-04-06,2022-03-27,-10 day ahead inc hosp,quantile,0.025,368,COVID-19
DE,00-04,2022-04-06,2022-03-27,-10 day ahead inc hosp,quantile,0.1,368,COVID-19
DE,00-04,2022-04-06,2022-03-27,-10 day ahead inc hosp,quantile,0.25,368,COVID-19
DE,00-04,2022-04-06,2022-03-27,-10 day ahead inc hosp,quantile,0.5,368,COVID-19
DE,00-04,2022-04-06,2022-03-27,-10 day ahead inc hosp,quantile,0.75,368,COVID-19
DE,00-04,2022-04-06,2022-03-27,-10 day ahead inc hosp,quantile,0.9,368,COVID-19
DE,00-04,2022-04-06,2022-03-27,-10 day ahead inc hosp,quantile,0.975,368,COVID-19
DE,00-04,2022-04-06,2022-03-28,-9 day ahead inc hosp,mean,NA,357,COVID-19
DE,00-04,2022-04-06,2022-03-28,-9 day ahead inc hosp,quantile,0.025,357,COVID-19
DE,00-04,2022-04-06,2022-03-28,-9 day ahead inc hosp,quantile,0.1,357,COVID-19
DE,00-04,2022-04-06,2022-03-28,-9 day ahead inc hosp,quantile,0.25,357,COVID-19
DE,00-04,2022-04-06,2022-03-28,-9 day ahead inc hosp,quantile,0.5,357,COVID-19
DE,00-04,2022-04-06,2022-03-28,-9 day ahead inc hosp,quantile,0.75,357,COVID-19
DE,00-04,2022-04-06,2022-03-28,-9 day ahead inc hosp,quantile,0.9,357,COVID-19
DE,00-04,2022-04-06,2022-03-28,-9 day ahead inc hosp,quantile,0.975,357,COVID-19
DE,00-04,2022-04-06,2022-03-29,-8 day ahead inc hosp,mean,NA,356,COVID-19
DE,00-04,2022-04-06,2022-03-29,-8 day ahead inc hosp,quantile,0.025,356,COVID-19
DE,00-04,2022-04-06,2022-03-29,-8 day ahead inc hosp,quantile,0.1,356,COVID-19
DE,00-04,2022-04-06,2022-03-29,-8 day ahead inc hosp,quantile,0.25,356,COVID-19
DE,00-04,2022-04-06,2022-03-29,-8 day ahead inc hosp,quantile,0.5,356,COVID-19
DE,00-04,2022-04-06,2022-03-29,-8 day ahead inc hosp,quantile,0.75,356,COVID-19
DE,00-04,2022-04-06,2022-03-29,-8 day ahead inc hosp,quantile,0.9,356,COVID-19
DE,00-04,2022-04-06,2022-03-29,-8 day ahead inc hosp,quantile,0.975,356,COVID-19
DE,00-04,2022-04-06,2022-03-30,-7 day ahead inc hosp,mean,NA,350,COVID-19
DE,00-04,2022-04-06,2022-03-30,-7 day ahead inc hosp,quantile,0.025,350,COVID-19
DE,00-04,2022-04-06,2022-03-30,-7 day ahead inc hosp,quantile,0.1,350,COVID-19
DE,00-04,2022-04-06,2022-03-30,-7 day ahead inc hosp,quantile,0.25,350,COVID-19
DE,00-04,2022-04-06,2022-03-30,-7 day ahead inc hosp,quantile,0.5,350,COVID-19
DE,00-04,2022-04-06,2022-03-30,-7 day ahead inc hosp,quantile,0.75,350,COVID-19
DE,00-04,2022-04-06,2022-03-30,-7 day ahead inc hosp,quantile,0.9,350,COVID-19
DE,00-04,2022-04-06,2022-03-30,-7 day ahead inc hosp,quantile,0.975,350,COVID-19
DE,00-04,2022-04-06,2022-03-31,-6 day ahead inc hosp,mean,NA,338,COVID-19
DE,00-04,2022-04-06,2022-03-31,-6 day ahead inc hosp,quantile,0.025,338,COVID-19
DE,00-04,2022-04-06,2022-03-31,-6 day ahead inc hosp,quantile,0.1,338,COVID-19
DE,00-04,2022-04-06,2022-03-31,-6 day ahead inc hosp,quantile,0.25,338,COVID-19
DE,00-04,2022-04-06,2022-03-31,-6 day ahead inc hosp,quantile,0.5,338,COVID-19
DE,00-04,2022-04-06,2022-03-31,-6 day ahead inc hosp,quantile,0.75,338,COVID-19
DE,00-04,2022-04-06,2022-03-31,-6 day ahead inc hosp,quantile,0.9,338,COVID-19
DE,00-04,2022-04-06,2022-03-31,-6 day ahead inc hosp,quantile,0.975,338,COVID-19
DE,00-04,2022-04-06,2022-04-01,-5 day ahead inc hosp,mean,NA,326,COVID-19
DE,00-04,2022-04-06,2022-04-01,-5 day ahead inc hosp,quantile,0.025,326,COVID-19
DE,00-04,2022-04-06,2022-04-01,-5 day ahead inc hosp,quantile,0.1,326,COVID-19
DE,00-04,2022-04-06,2022-04-01,-5 day ahead inc hosp,quantile,0.25,326,COVID-19
DE,00-04,2022-04-06,2022-04-01,-5 day ahead inc hosp,quantile,0.5,326,COVID-19
DE,00-04,2022-04-06,2022-04-01,-5 day ahead inc hosp,quantile,0.75,326,COVID-19
DE,00-04,2022-04-06,2022-04-01,-5 day ahead inc hosp,quantile,0.9,326,COVID-19
DE,00-04,2022-04-06,2022-04-01,-5 day ahead inc hosp,quantile,0.975,326,COVID-19
DE,00-04,2022-04-06,2022-04-02,-4 day ahead inc hosp,mean,NA,308,COVID-19
DE,00-04,2022-04-06,2022-04-02,-4 day ahead inc hosp,quantile,0.025,308,COVID-19
DE,00-04,2022-04-06,2022-04-02,-4 day ahead inc hosp,quantile,0.1,308,COVID-19
DE,00-04,2022-04-06,2022-04-02,-4 day ahead inc hosp,quantile,0.25,308,COVID-19
DE,00-04,2022-04-06,2022-04-02,-4 day ahead inc hosp,quantile,0.5,308,COVID-19
DE,00-04,2022-04-06,2022-04-02,-4 day ahead inc hosp,quantile,0.75,308,COVID-19
DE,00-04,2022-04-06,2022-04-02,-4 day ahead inc hosp,quantile,0.9,308,COVID-19
DE,00-04,2022-04-06,2022-04-02,-4 day ahead inc hosp,quantile,0.975,308,COVID-19
DE,00-04,2022-04-06,2022-04-03,-3 day ahead inc hosp,mean,NA,306,COVID-19
DE,00-04,2022-04-06,2022-04-03,-3 day ahead inc hosp,quantile,0.025,306,COVID-19
DE,00-04,2022-04-06,2022-04-03,-3 day ahead inc hosp,quantile,0.1,306,COVID-19
DE,00-04,2022-04-06,2022-04-03,-3 day ahead inc hosp,quantile,0.25,306,COVID-19
DE,00-04,2022-04-06,2022-04-03,-3 day ahead inc hosp,quantile,0.5,306,COVID-19
DE,00-04,2022-04-06,2022-04-03,-3 day ahead inc hosp,quantile,0.75,306,COVID-19
DE,00-04,2022-04-06,2022-04-03,-3 day ahead inc hosp,quantile,0.9,306,COVID-19
DE,00-04,2022-04-06,2022-04-03,-3 day ahead inc hosp,quantile,0.975,306,COVID-19
DE,00-04,2022-04-06,2022-04-04,-2 day ahead inc hosp,mean,NA,300,COVID-19
DE,00-04,2022-04-06,2022-04-04,-2 day ahead inc hosp,quantile,0.025,300,COVID-19
DE,00-04,2022-04-06,2022-04-04,-2 day ahead inc hosp,quantile,0.1,300,COVID-19
DE,00-04,2022-04-06,2022-04-04,-2 day ahead inc hosp,quantile,0.25,300,COVID-19
DE,00-04,2022-04-06,2022-04-04,-2 day ahead inc hosp,quantile,0.5,300,COVID-19
DE,00-04,2022-04-06,2022-04-04,-2 day ahead inc hosp,quantile,0.75,300,COVID-19
DE,00-04,2022-04-06,2022-04-04,-2 day ahead inc hosp,quantile,0.9,300,COVID-19
DE,00-04,2022-04-06,2022-04-04,-2 day ahead inc hosp,quantile,0.975,300,COVID-19
DE,00-04,2022-04-06,2022-04-05,-1 day ahead inc hosp,mean,NA,268,COVID-19
DE,00-04,2022-04-06,2022-04-05,-1 day ahead inc hosp,quantile,0.025,268,COVID-19
DE,00-04,2022-04-06,2022-04-05,-1 day ahead inc hosp,quantile,0.1,268,COVID-19
DE,00-04,2022-04-06,2022-04-05,-1 day ahead inc hosp,quantile,0.25,268,COVID-19
DE,00-04,2022-04-06,2022-04-05,-1 day ahead inc hosp,quantile,0.5,268,COVID-19
DE,00-04,2022-04-06,2022-04-05,-1 day ahead inc hosp,quantile,0.75,268,COVID-19
DE,00-04,2022-04-06,2022-04-05,-1 day ahead inc hosp,quantile,0.9,268,COVID-19
DE,00-04,2022-04-06,2022-04-05,-1 day ahead inc hosp,quantile,0.975,268,COVID-19
DE,00-04,2022-04-06,2022-04-06,0 day ahead inc hosp,mean,NA,218,COVID-19
DE,00-04,2022-04-06,2022-04-06,0 day ahead inc hosp,quantile,0.025,218,COVID-19
DE,00-04,2022-04-06,2022-04-06,0 day ahead inc hosp,quantile,0.1,218,COVID-19
DE,00-04,2022-04-06,2022-04-06,0 day ahead inc hosp,quantile,0.25,218,COVID-19
DE,00-04,2022-04-06,2022-04-06,0 day ahead inc hosp,quantile,0.5,218,COVID-19
DE,00-04,2022-04-06,2022-04-06,0 day ahead inc hosp,quantile,0.75,218,COVID-19
DE,00-04,2022-04-06,2022-04-06,0 day ahead inc hosp,quantile,0.9,218,COVID-19
DE,00-04,2022-04-06,2022-04-06,0 day ahead inc hosp,quantile,0.975,218,COVID-19
DE,05-14,2022-04-06,2022-03-09,-28 day ahead inc hosp,mean,NA,259,COVID-19
DE,05-14,2022-04-06,2022-03-09,-28 day ahead inc hosp,quantile,0.025,259,COVID-19
DE,05-14,2022-04-06,2022-03-09,-28 day ahead inc hosp,quantile,0.1,259,COVID-19
DE,05-14,2022-04-06,2022-03-09,-28 day ahead inc hosp,quantile,0.25,259,COVID-19
DE,05-14,2022-04-06,2022-03-09,-28 day ahead inc hosp,quantile,0.5,259,COVID-19
DE,05-14,2022-04-06,2022-03-09,-28 day ahead inc hosp,quantile,0.75,259,COVID-19
DE,05-14,2022-04-06,2022-03-09,-28 day ahead inc hosp,quantile,0.9,259,COVID-19
DE,05-14,2022-04-06,2022-03-09,-28 day ahead inc hosp,quantile,0.975,259,COVID-19
DE,05-14,2022-04-06,2022-03-10,-27 day ahead inc hosp,mean,NA,266,COVID-19
DE,05-14,2022-04-06,2022-03-10,-27 day ahead inc hosp,quantile,0.025,266,COVID-19
DE,05-14,2022-04-06,2022-03-10,-27 day ahead inc hosp,quantile,0.1,266,COVID-19
DE,05-14,2022-04-06,2022-03-10,-27 day ahead inc hosp,quantile,0.25,266,COVID-19
DE,05-14,2022-04-06,2022-03-10,-27 day ahead inc hosp,quantile,0.5,266,COVID-19
DE,05-14,2022-04-06,2022-03-10,-27 day ahead inc hosp,quantile,0.75,266,COVID-19
DE,05-14,2022-04-06,2022-03-10,-27 day ahead inc hosp,quantile,0.9,266,COVID-19
DE,05-14,2022-04-06,2022-03-10,-27 day ahead inc hosp,quantile,0.975,266,COVID-19
DE,05-14,2022-04-06,2022-03-11,-26 day ahead inc hosp,mean,NA,259,COVID-19
DE,05-14,2022-04-06,2022-03-11,-26 day ahead inc hosp,quantile,0.025,259,COVID-19
DE,05-14,2022-04-06,2022-03-11,-26 day ahead inc hosp,quantile,0.1,259,COVID-19
DE,05-14,2022-04-06,2022-03-11,-26 day ahead inc hosp,quantile,0.25,259,COVID-19
DE,05-14,2022-04-06,2022-03-11,-26 day ahead inc hosp,quantile,0.5,259,COVID-19
DE,05-14,2022-04-06,2022-03-11,-26 day ahead inc hosp,quantile,0.75,259,COVID-19
DE,05-14,2022-04-06,2022-03-11,-26 day ahead inc hosp,quantile,0.9,259,COVID-19
DE,05-14,2022-04-06,2022-03-11,-26 day ahead inc hosp,quantile,0.975,259,COVID-19
DE,05-14,2022-04-06,2022-03-12,-25 day ahead inc hosp,mean,NA,259,COVID-19
DE,05-14,2022-04-06,2022-03-12,-25 day ahead inc hosp,quantile,0.025,259,COVID-19
DE,05-14,2022-04-06,2022-03-12,-25 day ahead inc hosp,quantile,0.1,259,COVID-19
DE,05-14,2022-04-06,2022-03-12,-25 day ahead inc hosp,quantile,0.25,259,COVID-19
DE,05-14,2022-04-06,2022-03-12,-25 day ahead inc hosp,quantile,0.5,259,COVID-19
DE,05-14,2022-04-06,2022-03-12,-25 day ahead inc hosp,quantile,0.75,259,COVID-19
DE,05-14,2022-04-06,2022-03-12,-25 day ahead inc hosp,quantile,0.9,259,COVID-19
DE,05-14,2022-04-06,2022-03-12,-25 day ahead inc hosp,quantile,0.975,259,COVID-19
DE,05-14,2022-04-06,2022-03-13,-24 day ahead inc hosp,mean,NA,267,COVID-19
DE,05-14,2022-04-06,2022-03-13,-24 day ahead inc hosp,quantile,0.025,267,COVID-19
DE,05-14,2022-04-06,2022-03-13,-24 day ahead inc hosp,quantile,0.1,267,COVID-19
DE,05-14,2022-04-06,2022-03-13,-24 day ahead inc hosp,quantile,0.25,267,COVID-19
DE,05-14,2022-04-06,2022-03-13,-24 day ahead inc hosp,quantile,0.5,267,COVID-19
DE,05-14,2022-04-06,2022-03-13,-24 day ahead inc hosp,quantile,0.75,267,COVID-19
DE,05-14,2022-04-06,2022-03-13,-24 day ahead inc hosp,quantile,0.9,267,COVID-19
DE,05-14,2022-04-06,2022-03-13,-24 day ahead inc hosp,quantile,0.975,267,COVID-19
DE,05-14,2022-04-06,2022-03-14,-23 day ahead inc hosp,mean,NA,260,COVID-19
DE,05-14,2022-04-06,2022-03-14,-23 day ahead inc hosp,quantile,0.025,260,COVID-19
DE,05-14,2022-04-06,2022-03-14,-23 day ahead inc hosp,quantile,0.1,260,COVID-19
DE,05-14,2022-04-06,2022-03-14,-23 day ahead inc hosp,quantile,0.25,260,COVID-19
DE,05-14,2022-04-06,2022-03-14,-23 day ahead inc hosp,quantile,0.5,260,COVID-19
DE,05-14,2022-04-06,2022-03-14,-23 day ahead inc hosp,quantile,0.75,260,COVID-19
DE,05-14,2022-04-06,2022-03-14,-23 day ahead inc hosp,quantile,0.9,260,COVID-19
DE,05-14,2022-04-06,2022-03-14,-23 day ahead inc hosp,quantile,0.975,260,COVID-19
DE,05-14,2022-04-06,2022-03-15,-22 day ahead inc hosp,mean,NA,268,COVID-19
DE,05-14,2022-04-06,2022-03-15,-22 day ahead inc hosp,quantile,0.025,268,COVID-19
DE,05-14,2022-04-06,2022-03-15,-22 day ahead inc hosp,quantile,0.1,268,COVID-19
DE,05-14,2022-04-06,2022-03-15,-22 day ahead inc hosp,quantile,0.25,268,COVID-19
DE,05-14,2022-04-06,2022-03-15,-22 day ahead inc hosp,quantile,0.5,268,COVID-19
DE,05-14,2022-04-06,2022-03-15,-22 day ahead inc hosp,quantile,0.75,268,COVID-19
DE,05-14,2022-04-06,2022-03-15,-22 day ahead inc hosp,quantile,0.9,268,COVID-19
DE,05-14,2022-04-06,2022-03-15,-22 day ahead inc hosp,quantile,0.975,268,COVID-19
DE,05-14,2022-04-06,2022-03-16,-21 day ahead inc hosp,mean,NA,288,COVID-19
DE,05-14,2022-04-06,2022-03-16,-21 day ahead inc hosp,quantile,0.025,288,COVID-19
DE,05-14,2022-04-06,2022-03-16,-21 day ahead inc hosp,quantile,0.1,288,COVID-19
DE,05-14,2022-04-06,2022-03-16,-21 day ahead inc hosp,quantile,0.25,288,COVID-19
DE,05-14,2022-04-06,2022-03-16,-21 day ahead inc hosp,quantile,0.5,288,COVID-19
DE,05-14,2022-04-06,2022-03-16,-21 day ahead inc hosp,quantile,0.75,288,COVID-19
DE,05-14,2022-04-06,2022-03-16,-21 day ahead inc hosp,quantile,0.9,288,COVID-19
DE,05-14,2022-04-06,2022-03-16,-21 day ahead inc hosp,quantile,0.975,288,COVID-19
DE,05-14,2022-04-06,2022-03-17,-20 day ahead inc hosp,mean,NA,291,COVID-19
DE,05-14,2022-04-06,2022-03-17,-20 day ahead inc hosp,quantile,0.025,291,COVID-19
DE,05-14,2022-04-06,2022-03-17,-20 day ahead inc hosp,quantile,0.1,291,COVID-19
DE,05-14,2022-04-06,2022-03-17,-20 day ahead inc hosp,quantile,0.25,291,COVID-19
DE,05-14,2022-04-06,2022-03-17,-20 day ahead inc hosp,quantile,0.5,291,COVID-19
DE,05-14,2022-04-06,2022-03-17,-20 day ahead inc hosp,quantile,0.75,291,COVID-19
DE,05-14,2022-04-06,2022-03-17,-20 day ahead inc hosp,quantile,0.9,291,COVID-19
DE,05-14,2022-04-06,2022-03-17,-20 day ahead inc hosp,quantile,0.975,291,COVID-19
DE,05-14,2022-04-06,2022-03-18,-19 day ahead inc hosp,mean,NA,285,COVID-19
DE,05-14,2022-04-06,2022-03-18,-19 day ahead inc hosp,quantile,0.025,285,COVID-19
DE,05-14,2022-04-06,2022-03-18,-19 day ahead inc hosp,quantile,0.1,285,COVID-19
DE,05-14,2022-04-06,2022-03-18,-19 day ahead inc hosp,quantile,0.25,285,COVID-19
DE,05-14,2022-04-06,2022-03-18,-19 day ahead inc hosp,quantile,0.5,285,COVID-19
DE,05-14,2022-04-06,2022-03-18,-19 day ahead inc hosp,quantile,0.75,285,COVID-19
DE,05-14,2022-04-06,2022-03-18,-19 day ahead inc hosp,quantile,0.9,285,COVID-19
DE,05-14,2022-04-06,2022-03-18,-19 day ahead inc hosp,quantile,0.975,285,COVID-19
DE,05-14,2022-04-06,2022-03-19,-18 day ahead inc hosp,mean,NA,286,COVID-19
DE,05-14,2022-04-06,2022-03-19,-18 day ahead inc hosp,quantile,0.025,286,COVID-19
DE,05-14,2022-04-06,2022-03-19,-18 day ahead inc hosp,quantile,0.1,286,COVID-19
DE,05-14,2022-04-06,2022-03-19,-18 day ahead inc hosp,quantile,0.25,286,COVID-19
DE,05-14,2022-04-06,2022-03-19,-18 day ahead inc hosp,quantile,0.5,286,COVID-19
DE,05-14,2022-04-06,2022-03-19,-18 day ahead inc hosp,quantile,0.75,286,COVID-19
DE,05-14,2022-04-06,2022-03-19,-18 day ahead inc hosp,quantile,0.9,286,COVID-19
DE,05-14,2022-04-06,2022-03-19,-18 day ahead inc hosp,quantile,0.975,286,COVID-19
DE,05-14,2022-04-06,2022-03-20,-17 day ahead inc hosp,mean,NA,286,COVID-19
DE,05-14,2022-04-06,2022-03-20,-17 day ahead inc hosp,quantile,0.025,286,COVID-19
DE,05-14,2022-04-06,2022-03-20,-17 day ahead inc hosp,quantile,0.1,286,COVID-19
DE,05-14,2022-04-06,2022-03-20,-17 day ahead inc hosp,quantile,0.25,286,COVID-19
DE,05-14,2022-04-06,2022-03-20,-17 day ahead inc hosp,quantile,0.5,286,COVID-19
DE,05-14,2022-04-06,2022-03-20,-17 day ahead inc hosp,quantile,0.75,286,COVID-19
DE,05-14,2022-04-06,2022-03-20,-17 day ahead inc hosp,quantile,0.9,286,COVID-19
DE,05-14,2022-04-06,2022-03-20,-17 day ahead inc hosp,quantile,0.975,286,COVID-19
DE,05-14,2022-04-06,2022-03-21,-16 day ahead inc hosp,mean,NA,291,COVID-19
DE,05-14,2022-04-06,2022-03-21,-16 day ahead inc hosp,quantile,0.025,291,COVID-19
DE,05-14,2022-04-06,2022-03-21,-16 day ahead inc hosp,quantile,0.1,291,COVID-19
DE,05-14,2022-04-06,2022-03-21,-16 day ahead inc hosp,quantile,0.25,291,COVID-19
DE,05-14,2022-04-06,2022-03-21,-16 day ahead inc hosp,quantile,0.5,291,COVID-19
DE,05-14,2022-04-06,2022-03-21,-16 day ahead inc hosp,quantile,0.75,291,COVID-19
DE,05-14,2022-04-06,2022-03-21,-16 day ahead inc hosp,quantile,0.9,291,COVID-19
DE,05-14,2022-04-06,2022-03-21,-16 day ahead inc hosp,quantile,0.975,291,COVID-19
DE,05-14,2022-04-06,2022-03-22,-15 day ahead inc hosp,mean,NA,266,COVID-19
DE,05-14,2022-04-06,2022-03-22,-15 day ahead inc hosp,quantile,0.025,266,COVID-19
DE,05-14,2022-04-06,2022-03-22,-15 day ahead inc hosp,quantile,0.1,266,COVID-19
DE,05-14,2022-04-06,2022-03-22,-15 day ahead inc hosp,quantile,0.25,266,COVID-19
DE,05-14,2022-04-06,2022-03-22,-15 day ahead inc hosp,quantile,0.5,266,COVID-19
DE,05-14,2022-04-06,2022-03-22,-15 day ahead inc hosp,quantile,0.75,266,COVID-19
DE,05-14,2022-04-06,2022-03-22,-15 day ahead inc hosp,quantile,0.9,266,COVID-19
DE,05-14,2022-04-06,2022-03-22,-15 day ahead inc hosp,quantile,0.975,266,COVID-19
DE,05-14,2022-04-06,2022-03-23,-14 day ahead inc hosp,mean,NA,249,COVID-19
DE,05-14,2022-04-06,2022-03-23,-14 day ahead inc hosp,quantile,0.025,249,COVID-19
DE,05-14,2022-04-06,2022-03-23,-14 day ahead inc hosp,quantile,0.1,249,COVID-19
DE,05-14,2022-04-06,2022-03-23,-14 day ahead inc hosp,quantile,0.25,249,COVID-19
DE,05-14,2022-04-06,2022-03-23,-14 day ahead inc hosp,quantile,0.5,249,COVID-19
DE,05-14,2022-04-06,2022-03-23,-14 day ahead inc hosp,quantile,0.75,249,COVID-19
DE,05-14,2022-04-06,2022-03-23,-14 day ahead inc hosp,quantile,0.9,249,COVID-19
DE,05-14,2022-04-06,2022-03-23,-14 day ahead inc hosp,quantile,0.975,249,COVID-19
DE,05-14,2022-04-06,2022-03-24,-13 day ahead inc hosp,mean,NA,235,COVID-19
DE,05-14,2022-04-06,2022-03-24,-13 day ahead inc hosp,quantile,0.025,235,COVID-19
DE,05-14,2022-04-06,2022-03-24,-13 day ahead inc hosp,quantile,0.1,235,COVID-19
DE,05-14,2022-04-06,2022-03-24,-13 day ahead inc hosp,quantile,0.25,235,COVID-19
DE,05-14,2022-04-06,2022-03-24,-13 day ahead inc hosp,quantile,0.5,235,COVID-19
DE,05-14,2022-04-06,2022-03-24,-13 day ahead inc hosp,quantile,0.75,235,COVID-19
DE,05-14,2022-04-06,2022-03-24,-13 day ahead inc hosp,quantile,0.9,235,COVID-19
DE,05-14,2022-04-06,2022-03-24,-13 day ahead inc hosp,quantile,0.975,235,COVID-19
DE,05-14,2022-04-06,2022-03-25,-12 day ahead inc hosp,mean,NA,233,COVID-19
DE,05-14,2022-04-06,2022-03-25,-12 day ahead inc hosp,quantile,0.025,233,COVID-19
DE,05-14,2022-04-06,2022-03-25,-12 day ahead inc hosp,quantile,0.1,233,COVID-19
DE,05-14,2022-04-06,2022-03-25,-12 day ahead inc hosp,quantile,0.25,233,COVID-19
DE,05-14,2022-04-06,2022-03-25,-12 day ahead inc hosp,quantile,0.5,233,COVID-19
DE,05-14,2022-04-06,2022-03-25,-12 day ahead inc hosp,quantile,0.75,233,COVID-19
DE,05-14,2022-04-06,2022-03-25,-12 day ahead inc hosp,quantile,0.9,233,COVID-19
DE,05-14,2022-04-06,2022-03-25,-12 day ahead inc hosp,quantile,0.975,233,COVID-19
DE,05-14,2022-04-06,2022-03-26,-11 day ahead inc hosp,mean,NA,225,COVID-19
DE,05-14,2022-04-06,2022-03-26,-11 day ahead inc hosp,quantile,0.025,225,COVID-19
DE,05-14,2022-04-06,2022-03-26,-11 day ahead inc hosp,quantile,0.1,225,COVID-19
DE,05-14,2022-04-06,2022-03-26,-11 day ahead inc hosp,quantile,0.25,225,COVID-19
DE,05-14,2022-04-06,2022-03-26,-11 day ahead inc hosp,quantile,0.5,225,COVID-19
DE,05-14,2022-04-06,2022-03-26,-11 day ahead inc hosp,quantile,0.75,225,COVID-19
DE,05-14,2022-04-06,2022-03-26,-11 day ahead inc hosp,quantile,0.9,225,COVID-19
DE,05-14,2022-04-06,2022-03-26,-11 day ahead inc hosp,quantile,0.975,225,COVID-19
DE,05-14,2022-04-06,2022-03-27,-10 day ahead inc hosp,mean,NA,215,COVID-19
DE,05-14,2022-04-06,2022-03-27,-10 day ahead inc hosp,quantile,0.025,215,COVID-19
DE,05-14,2022-04-06,2022-03-27,-10 day ahead inc hosp,quantile,0.1,215,COVID-19
DE,05-14,2022-04-06,2022-03-27,-10 day ahead inc hosp,quantile,0.25,215,COVID-19
DE,05-14,2022-04-06,2022-03-27,-10 day ahead inc hosp,quantile,0.5,215,COVID-19
DE,05-14,2022-04-06,2022-03-27,-10 day ahead inc hosp,quantile,0.75,215,COVID-19
DE,05-14,2022-04-06,2022-03-27,-10 day ahead inc hosp,quantile,0.9,215,COVID-19
DE,05-14,2022-04-06,2022-03-27,-10 day ahead inc hosp,quantile,0.975,215,COVID-19
DE,05-14,2022-04-06,2022-03-28,-9 day ahead inc hosp,mean,NA,208,COVID-19
DE,05-14,2022-04-06,2022-03-28,-9 day ahead inc hosp,quantile,0.025,208,COVID-19
DE,05-14,2022-04-06,2022-03-28,-9 day ahead inc hosp,quantile,0.1,208,COVID-19
DE,05-14,2022-04-06,2022-03-28,-9 day ahead inc hosp,quantile,0.25,208,COVID-19
DE,05-14,2022-04-06,2022-03-28,-9 day ahead inc hosp,quantile,0.5,208,COVID-19
DE,05-14,2022-04-06,2022-03-28,-9 day ahead inc hosp,quantile,0.75,208,COVID-19
DE,05-14,2022-04-06,2022-03-28,-9 day ahead inc hosp,quantile,0.9,208,COVID-19
DE,05-14,2022-04-06,2022-03-28,-9 day ahead inc hosp,quantile,0.975,208,COVID-19
DE,05-14,2022-04-06,2022-03-29,-8 day ahead inc hosp,mean,NA,207,COVID-19
DE,05-14,2022-04-06,2022-03-29,-8 day ahead inc hosp,quantile,0.025,207,COVID-19
DE,05-14,2022-04-06,2022-03-29,-8 day ahead inc hosp,quantile,0.1,207,COVID-19
DE,05-14,2022-04-06,2022-03-29,-8 day ahead inc hosp,quantile,0.25,207,COVID-19
DE,05-14,2022-04-06,2022-03-29,-8 day ahead inc hosp,quantile,0.5,207,COVID-19
DE,05-14,2022-04-06,2022-03-29,-8 day ahead inc hosp,quantile,0.75,207,COVID-19
DE,05-14,2022-04-06,2022-03-29,-8 day ahead inc hosp,quantile,0.9,207,COVID-19
DE,05-14,2022-04-06,2022-03-29,-8 day ahead inc hosp,quantile,0.975,207,COVID-19
DE,05-14,2022-04-06,2022-03-30,-7 day ahead inc hosp,mean,NA,203,COVID-19
DE,05-14,2022-04-06,2022-03-30,-7 day ahead inc hosp,quantile,0.025,203,COVID-19
DE,05-14,2022-04-06,2022-03-30,-7 day ahead inc hosp,quantile,0.1,203,COVID-19
DE,05-14,2022-04-06,2022-03-30,-7 day ahead inc hosp,quantile,0.25,203,COVID-19
DE,05-14,2022-04-06,2022-03-30,-7 day ahead inc hosp,quantile,0.5,203,COVID-19
DE,05-14,2022-04-06,2022-03-30,-7 day ahead inc hosp,quantile,0.75,203,COVID-19
DE,05-14,2022-04-06,2022-03-30,-7 day ahead inc hosp,quantile,0.9,203,COVID-19
DE,05-14,2022-04-06,2022-03-30,-7 day ahead inc hosp,quantile,0.975,203,COVID-19
DE,05-14,2022-04-06,2022-03-31,-6 day ahead inc hosp,mean,NA,195,COVID-19
DE,05-14,2022-04-06,2022-03-31,-6 day ahead inc hosp,quantile,0.025,195,COVID-19
DE,05-14,2022-04-06,2022-03-31,-6 day ahead inc hosp,quantile,0.1,195,COVID-19
DE,05-14,2022-04-06,2022-03-31,-6 day ahead inc hosp,quantile,0.25,195,COVID-19
DE,05-14,2022-04-06,2022-03-31,-6 day ahead inc hosp,quantile,0.5,195,COVID-19
DE,05-14,2022-04-06,2022-03-31,-6 day ahead inc hosp,quantile,0.75,195,COVID-19
DE,05-14,2022-04-06,2022-03-31,-6 day ahead inc hosp,quantile,0.9,195,COVID-19
DE,05-14,2022-04-06,2022-03-31,-6 day ahead inc hosp,quantile,0.975,195,COVID-19
DE,05-14,2022-04-06,2022-04-01,-5 day ahead inc hosp,mean,NA,193,COVID-19
DE,05-14,2022-04-06,2022-04-01,-5 day ahead inc hosp,quantile,0.025,193,COVID-19
DE,05-14,2022-04-06,2022-04-01,-5 day ahead inc hosp,quantile,0.1,193,COVID-19
DE,05-14,2022-04-06,2022-04-01,-5 day ahead inc hosp,quantile,0.25,193,COVID-19
DE,05-14,2022-04-06,2022-04-01,-5 day ahead inc hosp,quantile,0.5,193,COVID-19
DE,05-14,2022-04-06,2022-04-01,-5 day ahead inc hosp,quantile,0.75,193,COVID-19
DE,05-14,2022-04-06,2022-04-01,-5 day ahead inc hosp,quantile,0.9,193,COVID-19
DE,05-14,2022-04-06,2022-04-01,-5 day ahead inc hosp,quantile,0.975,193,COVID-19
DE,05-14,2022-04-06,2022-04-02,-4 day ahead inc hosp,mean,NA,184,COVID-19
DE,05-14,2022-04-06,2022-04-02,-4 day ahead inc hosp,quantile,0.025,184,COVID-19
DE,05-14,2022-04-06,2022-04-02,-4 day ahead inc hosp,quantile,0.1,184,COVID-19
DE,05-14,2022-04-06,2022-04-02,-4 day ahead inc hosp,quantile,0.25,184,COVID-19
DE,05-14,2022-04-06,2022-04-02,-4 day ahead inc hosp,quantile,0.5,184,COVID-19
DE,05-14,2022-04-06,2022-04-02,-4 day ahead inc hosp,quantile,0.75,184,COVID-19
DE,05-14,2022-04-06,2022-04-02,-4 day ahead inc hosp,quantile,0.9,184,COVID-19
DE,05-14,2022-04-06,2022-04-02,-4 day ahead inc hosp,quantile,0.975,184,COVID-19
DE,05-14,2022-04-06,2022-04-03,-3 day ahead inc hosp,mean,NA,176,COVID-19
DE,05-14,2022-04-06,2022-04-03,-3 day ahead inc hosp,quantile,0.025,176,COVID-19
DE,05-14,2022-04-06,2022-04-03,-3 day ahead inc hosp,quantile,0.1,176,COVID-19
DE,05-14,2022-04-06,2022-04-03,-3 day ahead inc hosp,quantile,0.25,176,COVID-19
DE,05-14,2022-04-06,2022-04-03,-3 day ahead inc hosp,quantile,0.5,176,COVID-19
DE,05-14,2022-04-06,2022-04-03,-3 day ahead inc hosp,quantile,0.75,176,COVID-19
DE,05-14,2022-04-06,2022-04-03,-3 day ahead inc hosp,quantile,0.9,176,COVID-19
DE,05-14,2022-04-06,2022-04-03,-3 day ahead inc hosp,quantile,0.975,176,COVID-19
DE,05-14,2022-04-06,2022-04-04,-2 day ahead inc hosp,mean,NA,173,COVID-19
DE,05-14,2022-04-06,2022-04-04,-2 day ahead inc hosp,quantile,0.025,173,COVID-19
DE,05-14,2022-04-06,2022-04-04,-2 day ahead inc hosp,quantile,0.1,173,COVID-19
DE,05-14,2022-04-06,2022-04-04,-2 day ahead inc hosp,quantile,0.25,173,COVID-19
DE,05-14,2022-04-06,2022-04-04,-2 day ahead inc hosp,quantile,0.5,173,COVID-19
DE,05-14,2022-04-06,2022-04-04,-2 day ahead inc hosp,quantile,0.75,173,COVID-19
DE,05-14,2022-04-06,2022-04-04,-2 day ahead inc hosp,quantile,0.9,173,COVID-19
DE,05-14,2022-04-06,2022-04-04,-2 day ahead inc hosp,quantile,0.975,173,COVID-19
DE,05-14,2022-04-06,2022-04-05,-1 day ahead inc hosp,mean,NA,168,COVID-19
DE,05-14,2022-04-06,2022-04-05,-1 day ahead inc hosp,quantile,0.025,168,COVID-19
DE,05-14,2022-04-06,2022-04-05,-1 day ahead inc hosp,quantile,0.1,168,COVID-19
DE,05-14,2022-04-06,2022-04-05,-1 day ahead inc hosp,quantile,0.25,168,COVID-19
DE,05-14,2022-04-06,2022-04-05,-1 day ahead inc hosp,quantile,0.5,168,COVID-19
DE,05-14,2022-04-06,2022-04-05,-1 day ahead inc hosp,quantile,0.75,168,COVID-19
DE,05-14,2022-04-06,2022-04-05,-1 day ahead inc hosp,quantile,0.9,168,COVID-19
DE,05-14,2022-04-06,2022-04-05,-1 day ahead inc hosp,quantile,0.975,168,COVID-19
DE,05-14,2022-04-06,2022-04-06,0 day ahead inc hosp,mean,NA,145,COVID-19
DE,05-14,2022-04-06,2022-04-06,0 day ahead inc hosp,quantile,0.025,145,COVID-19
DE,05-14,2022-04-06,2022-04-06,0 day ahead inc hosp,quantile,0.1,145,COVID-19
DE,05-14,2022-04-06,2022-04-06,0 day ahead inc hosp,quantile,0.25,145,COVID-19
DE,05-14,2022-04-06,2022-04-06,0 day ahead inc hosp,quantile,0.5,145,COVID-19
DE,05-14,2022-04-06,2022-04-06,0 day ahead inc hosp,quantile,0.75,145,COVID-19
DE,05-14,2022-04-06,2022-04-06,0 day ahead inc hosp,quantile,0.9,145,COVID-19
DE,05-14,2022-04-06,2022-04-06,0 day ahead inc hosp,quantile,0.975,145,COVID-19
DE,15-34,2022-04-06,2022-03-09,-28 day ahead inc hosp,mean,NA,1162,COVID-19
DE,15-34,2022-04-06,2022-03-09,-28 day ahead inc hosp,quantile,0.025,1162,COVID-19
DE,15-34,2022-04-06,2022-03-09,-28 day ahead inc hosp,quantile,0.1,1162,COVID-19
DE,15-34,2022-04-06,2022-03-09,-28 day ahead inc hosp,quantile,0.25,1162,COVID-19
DE,15-34,2022-04-06,2022-03-09,-28 day ahead inc hosp,quantile,0.5,1162,COVID-19
DE,15-34,2022-04-06,2022-03-09,-28 day ahead inc hosp,quantile,0.75,1162,COVID-19
DE,15-34,2022-04-06,2022-03-09,-28 day ahead inc hosp,quantile,0.9,1162,COVID-19
DE,15-34,2022-04-06,2022-03-09,-28 day ahead inc hosp,quantile,0.975,1162,COVID-19
DE,15-34,2022-04-06,2022-03-10,-27 day ahead inc hosp,mean,NA,1156,COVID-19
DE,15-34,2022-04-06,2022-03-10,-27 day ahead inc hosp,quantile,0.025,1156,COVID-19
DE,15-34,2022-04-06,2022-03-10,-27 day ahead inc hosp,quantile,0.1,1156,COVID-19
DE,15-34,2022-04-06,2022-03-10,-27 day ahead inc hosp,quantile,0.25,1156,COVID-19
DE,15-34,2022-04-06,2022-03-10,-27 day ahead inc hosp,quantile,0.5,1156,COVID-19
DE,15-34,2022-04-06,2022-03-10,-27 day ahead inc hosp,quantile,0.75,1156,COVID-19
DE,15-34,2022-04-06,2022-03-10,-27 day ahead inc hosp,quantile,0.9,1156,COVID-19
DE,15-34,2022-04-06,2022-03-10,-27 day ahead inc hosp,quantile,0.975,1156,COVID-19
DE,15-34,2022-04-06,2022-03-11,-26 day ahead inc hosp,mean,NA,1181,COVID-19
DE,15-34,2022-04-06,2022-03-11,-26 day ahead inc hosp,quantile,0.025,1181,COVID-19
DE,15-34,2022-04-06,2022-03-11,-26 day ahead inc hosp,quantile,0.1,1181,COVID-19
DE,15-34,2022-04-06,2022-03-11,-26 day ahead inc hosp,quantile,0.25,1181,COVID-19
DE,15-34,2022-04-06,2022-03-11,-26 day ahead inc hosp,quantile,0.5,1181,COVID-19
DE,15-34,2022-04-06,2022-03-11,-26 day ahead inc hosp,quantile,0.75,1181,COVID-19
DE,15-34,2022-04-06,2022-03-11,-26 day ahead inc hosp,quantile,0.9,1181,COVID-19
DE,15-34,2022-04-06,2022-03-11,-26 day ahead inc hosp,quantile,0.975,1181,COVID-19
DE,15-34,2022-04-06,2022-03-12,-25 day ahead inc hosp,mean,NA,1172,COVID-19
DE,15-34,2022-04-06,2022-03-12,-25 day ahead inc hosp,quantile,0.025,1172,COVID-19
DE,15-34,2022-04-06,2022-03-12,-25 day ahead inc hosp,quantile,0.1,1172,COVID-19
DE,15-34,2022-04-06,2022-03-12,-25 day ahead inc hosp,quantile,0.25,1172,COVID-19
DE,15-34,2022-04-06,2022-03-12,-25 day ahead inc hosp,quantile,0.5,1172,COVID-19
DE,15-34,2022-04-06,2022-03-12,-25 day ahead inc hosp,quantile,0.75,1172,COVID-19
DE,15-34,2022-04-06,2022-03-12,-25 day ahead inc hosp,quantile,0.9,1172,COVID-19
DE,15-34,2022-04-06,2022-03-12,-25 day ahead inc hosp,quantile,0.975,1172,COVID-19
DE,15-34,2022-04-06,2022-03-13,-24 day ahead inc hosp,mean,NA,1186,COVID-19
DE,15-34,2022-04-06,2022-03-13,-24 day ahead inc hosp,quantile,0.025,1186,COVID-19
DE,15-34,2022-04-06,2022-03-13,-24 day ahead inc hosp,quantile,0.1,1186,COVID-19
DE,15-34,2022-04-06,2022-03-13,-24 day ahead inc hosp,quantile,0.25,1186,COVID-19
DE,15-34,2022-04-06,2022-03-13,-24 day ahead inc hosp,quantile,0.5,1186,COVID-19
DE,15-34,2022-04-06,2022-03-13,-24 day ahead inc hosp,quantile,0.75,1186,COVID-19
DE,15-34,2022-04-06,2022-03-13,-24 day ahead inc hosp,quantile,0.9,1186,COVID-19
DE,15-34,2022-04-06,2022-03-13,-24 day ahead inc hosp,quantile,0.975,1186,COVID-19
DE,15-34,2022-04-06,2022-03-14,-23 day ahead inc hosp,mean,NA,1191,COVID-19
DE,15-34,2022-04-06,2022-03-14,-23 day ahead inc hosp,quantile,0.025,1191,COVID-19
DE,15-34,2022-04-06,2022-03-14,-23 day ahead inc hosp,quantile,0.1,1191,COVID-19
DE,15-34,2022-04-06,2022-03-14,-23 day ahead inc hosp,quantile,0.25,1191,COVID-19
DE,15-34,2022-04-06,2022-03-14,-23 day ahead inc hosp,quantile,0.5,1191,COVID-19
DE,15-34,2022-04-06,2022-03-14,-23 day ahead inc hosp,quantile,0.75,1191,COVID-19
DE,15-34,2022-04-06,2022-03-14,-23 day ahead inc hosp,quantile,0.9,1191,COVID-19
DE,15-34,2022-04-06,2022-03-14,-23 day ahead inc hosp,quantile,0.975,1191,COVID-19
DE,15-34,2022-04-06,2022-03-15,-22 day ahead inc hosp,mean,NA,1221,COVID-19
DE,15-34,2022-04-06,2022-03-15,-22 day ahead inc hosp,quantile,0.025,1221,COVID-19
DE,15-34,2022-04-06,2022-03-15,-22 day ahead inc hosp,quantile,0.1,1221,COVID-19
DE,15-34,2022-04-06,2022-03-15,-22 day ahead inc hosp,quantile,0.25,1221,COVID-19
DE,15-34,2022-04-06,2022-03-15,-22 day ahead inc hosp,quantile,0.5,1221,COVID-19
DE,15-34,2022-04-06,2022-03-15,-22 day ahead inc hosp,quantile,0.75,1221,COVID-19
DE,15-34,2022-04-06,2022-03-15,-22 day ahead inc hosp,quantile,0.9,1221,COVID-19
DE,15-34,2022-04-06,2022-03-15,-22 day ahead inc hosp,quantile,0.975,1221,COVID-19
DE,15-34,2022-04-06,2022-03-16,-21 day ahead inc hosp,mean,NA,1204,COVID-19
DE,15-34,2022-04-06,2022-03-16,-21 day ahead inc hosp,quantile,0.025,1204,COVID-19
DE,15-34,2022-04-06,2022-03-16,-21 day ahead inc hosp,quantile,0.1,1204,COVID-19
DE,15-34,2022-04-06,2022-03-16,-21 day ahead inc hosp,quantile,0.25,1204,COVID-19
DE,15-34,2022-04-06,2022-03-16,-21 day ahead inc hosp,quantile,0.5,1204,COVID-19
DE,15-34,2022-04-06,2022-03-16,-21 day ahead inc hosp,quantile,0.75,1204,COVID-19
DE,15-34,2022-04-06,2022-03-16,-21 day ahead inc hosp,quantile,0.9,1204,COVID-19
DE,15-34,2022-04-06,2022-03-16,-21 day ahead inc hosp,quantile,0.975,1204,COVID-19
DE,15-34,2022-04-06,2022-03-17,-20 day ahead inc hosp,mean,NA,1194,COVID-19
DE,15-34,2022-04-06,2022-03-17,-20 day ahead inc hosp,quantile,0.025,1194,COVID-19
DE,15-34,2022-04-06,2022-03-17,-20 day ahead inc hosp,quantile,0.1,1194,COVID-19
DE,15-34,2022-04-06,2022-03-17,-20 day ahead inc hosp,quantile,0.25,1194,COVID-19
DE,15-34,2022-04-06,2022-03-17,-20 day ahead inc hosp,quantile,0.5,1194,COVID-19
DE,15-34,2022-04-06,2022-03-17,-20 day ahead inc hosp,quantile,0.75,1194,COVID-19
DE,15-34,2022-04-06,2022-03-17,-20 day ahead inc hosp,quantile,0.9,1194,COVID-19
DE,15-34,2022-04-06,2022-03-17,-20 day ahead inc hosp,quantile,0.975,1194,COVID-19
DE,15-34,2022-04-06,2022-03-18,-19 day ahead inc hosp,mean,NA,1171,COVID-19
DE,15-34,2022-04-06,2022-03-18,-19 day ahead inc hosp,quantile,0.025,1171,COVID-19
DE,15-34,2022-04-06,2022-03-18,-19 day ahead inc hosp,quantile,0.1,1171,COVID-19
DE,15-34,2022-04-06,2022-03-18,-19 day ahead inc hosp,quantile,0.25,1171,COVID-19
DE,15-34,2022-04-06,2022-03-18,-19 day ahead inc hosp,quantile,0.5,1171,COVID-19
DE,15-34,2022-04-06,2022-03-18,-19 day ahead inc hosp,quantile,0.75,1171,COVID-19
DE,15-34,2022-04-06,2022-03-18,-19 day ahead inc hosp,quantile,0.9,1171,COVID-19
DE,15-34,2022-04-06,2022-03-18,-19 day ahead inc hosp,quantile,0.975,1171,COVID-19
DE,15-34,2022-04-06,2022-03-19,-18 day ahead inc hosp,mean,NA,1148,COVID-19
DE,15-34,2022-04-06,2022-03-19,-18 day ahead inc hosp,quantile,0.025,1148,COVID-19
DE,15-34,2022-04-06,2022-03-19,-18 day ahead inc hosp,quantile,0.1,1148,COVID-19
DE,15-34,2022-04-06,2022-03-19,-18 day ahead inc hosp,quantile,0.25,1148,COVID-19
DE,15-34,2022-04-06,2022-03-19,-18 day ahead inc hosp,quantile,0.5,1148,COVID-19
DE,15-34,2022-04-06,2022-03-19,-18 day ahead inc hosp,quantile,0.75,1148,COVID-19
DE,15-34,2022-04-06,2022-03-19,-18 day ahead inc hosp,quantile,0.9,1148,COVID-19
DE,15-34,2022-04-06,2022-03-19,-18 day ahead inc hosp,quantile,0.975,1148,COVID-19
DE,15-34,2022-04-06,2022-03-20,-17 day ahead inc hosp,mean,NA,1091,COVID-19
DE,15-34,2022-04-06,2022-03-20,-17 day ahead inc hosp,quantile,0.025,1091,COVID-19
DE,15-34,2022-04-06,2022-03-20,-17 day ahead inc hosp,quantile,0.1,1091,COVID-19
DE,15-34,2022-04-06,2022-03-20,-17 day ahead inc hosp,quantile,0.25,1091,COVID-19
DE,15-34,2022-04-06,2022-03-20,-17 day ahead inc hosp,quantile,0.5,1091,COVID-19
DE,15-34,2022-04-06,2022-03-20,-17 day ahead inc hosp,quantile,0.75,1091,COVID-19
DE,15-34,2022-04-06,2022-03-20,-17 day ahead inc hosp,quantile,0.9,1091,COVID-19
DE,15-34,2022-04-06,2022-03-20,-17 day ahead inc hosp,quantile,0.975,1091,COVID-19
DE,15-34,2022-04-06,2022-03-21,-16 day ahead inc hosp,mean,NA,1071,COVID-19
DE,15-34,2022-04-06,2022-03-21,-16 day ahead inc hosp,quantile,0.025,1071,COVID-19
DE,15-34,2022-04-06,2022-03-21,-16 day ahead inc hosp,quantile,0.1,1071,COVID-19
DE,15-34,2022-04-06,2022-03-21,-16 day ahead inc hosp,quantile,0.25,1071,COVID-19
DE,15-34,2022-04-06,2022-03-21,-16 day ahead inc hosp,quantile,0.5,1071,COVID-19
DE,15-34,2022-04-06,2022-03-21,-16 day ahead inc hosp,quantile,0.75,1071,COVID-19
DE,15-34,2022-04-06,2022-03-21,-16 day ahead inc hosp,quantile,0.9,1071,COVID-19
DE,15-34,2022-04-06,2022-03-21,-16 day ahead inc hosp,quantile,0.975,1071,COVID-19
DE,15-34,2022-04-06,2022-03-22,-15 day ahead inc hosp,mean,NA,1028,COVID-19
DE,15-34,2022-04-06,2022-03-22,-15 day ahead inc hosp,quantile,0.025,1028,COVID-19
DE,15-34,2022-04-06,2022-03-22,-15 day ahead inc hosp,quantile,0.1,1028,COVID-19
DE,15-34,2022-04-06,2022-03-22,-15 day ahead inc hosp,quantile,0.25,1028,COVID-19
DE,15-34,2022-04-06,2022-03-22,-15 day ahead inc hosp,quantile,0.5,1028,COVID-19
DE,15-34,2022-04-06,2022-03-22,-15 day ahead inc hosp,quantile,0.75,1028,COVID-19
DE,15-34,2022-04-06,2022-03-22,-15 day ahead inc hosp,quantile,0.9,1028,COVID-19
DE,15-34,2022-04-06,2022-03-22,-15 day ahead inc hosp,quantile,0.975,1028,COVID-19
DE,15-34,2022-04-06,2022-03-23,-14 day ahead inc hosp,mean,NA,1022,COVID-19
DE,15-34,2022-04-06,2022-03-23,-14 day ahead inc hosp,quantile,0.025,1022,COVID-19
DE,15-34,2022-04-06,2022-03-23,-14 day ahead inc hosp,quantile,0.1,1022,COVID-19
DE,15-34,2022-04-06,2022-03-23,-14 day ahead inc hosp,quantile,0.25,1022,COVID-19
DE,15-34,2022-04-06,2022-03-23,-14 day ahead inc hosp,quantile,0.5,1022,COVID-19
DE,15-34,2022-04-06,2022-03-23,-14 day ahead inc hosp,quantile,0.75,1022,COVID-19
DE,15-34,2022-04-06,2022-03-23,-14 day ahead inc hosp,quantile,0.9,1022,COVID-19
DE,15-34,2022-04-06,2022-03-23,-14 day ahead inc hosp,quantile,0.975,1022,COVID-19
DE,15-34,2022-04-06,2022-03-24,-13 day ahead inc hosp,mean,NA,1015,COVID-19
DE,15-34,2022-04-06,2022-03-24,-13 day ahead inc hosp,quantile,0.025,1015,COVID-19
DE,15-34,2022-04-06,2022-03-24,-13 day ahead inc hosp,quantile,0.1,1015,COVID-19
DE,15-34,2022-04-06,2022-03-24,-13 day ahead inc hosp,quantile,0.25,1015,COVID-19
DE,15-34,2022-04-06,2022-03-24,-13 day ahead inc hosp,quantile,0.5,1015,COVID-19
DE,15-34,2022-04-06,2022-03-24,-13 day ahead inc hosp,quantile,0.75,1015,COVID-19
DE,15-34,2022-04-06,2022-03-24,-13 day ahead inc hosp,quantile,0.9,1015,COVID-19
DE,15-34,2022-04-06,2022-03-24,-13 day ahead inc hosp,quantile,0.975,1015,COVID-19
DE,15-34,2022-04-06,2022-03-25,-12 day ahead inc hosp,mean,NA,1007,COVID-19
DE,15-34,2022-04-06,2022-03-25,-12 day ahead inc hosp,quantile,0.025,1007,COVID-19
DE,15-34,2022-04-06,2022-03-25,-12 day ahead inc hosp,quantile,0.1,1007,COVID-19
DE,15-34,2022-04-06,2022-03-25,-12 day ahead inc hosp,quantile,0.25,1007,COVID-19
DE,15-34,2022-04-06,2022-03-25,-12 day ahead inc hosp,quantile,0.5,1007,COVID-19
DE,15-34,2022-04-06,2022-03-25,-12 day ahead inc hosp,quantile,0.75,1007,COVID-19
DE,15-34,2022-04-06,2022-03-25,-12 day ahead inc hosp,quantile,0.9,1007,COVID-19
DE,15-34,2022-04-06,2022-03-25,-12 day ahead inc hosp,quantile,0.975,1007,COVID-19
DE,15-34,2022-04-06,2022-03-26,-11 day ahead inc hosp,mean,NA,1007,COVID-19
DE,15-34,2022-04-06,2022-03-26,-11 day ahead inc hosp,quantile,0.025,1007,COVID-19
DE,15-34,2022-04-06,2022-03-26,-11 day ahead inc hosp,quantile,0.1,1007,COVID-19
DE,15-34,2022-04-06,2022-03-26,-11 day ahead inc hosp,quantile,0.25,1007,COVID-19
DE,15-34,2022-04-06,2022-03-26,-11 day ahead inc hosp,quantile,0.5,1007,COVID-19
DE,15-34,2022-04-06,2022-03-26,-11 day ahead inc hosp,quantile,0.75,1007,COVID-19
DE,15-34,2022-04-06,2022-03-26,-11 day ahead inc hosp,quantile,0.9,1007,COVID-19
DE,15-34,2022-04-06,2022-03-26,-11 day ahead inc hosp,quantile,0.975,1007,COVID-19
DE,15-34,2022-04-06,2022-03-27,-10 day ahead inc hosp,mean,NA,1021,COVID-19
DE,15-34,2022-04-06,2022-03-27,-10 day ahead inc hosp,quantile,0.025,1021,COVID-19
DE,15-34,2022-04-06,2022-03-27,-10 day ahead inc hosp,quantile,0.1,1021,COVID-19
DE,15-34,2022-04-06,2022-03-27,-10 day ahead inc hosp,quantile,0.25,1021,COVID-19
DE,15-34,2022-04-06,2022-03-27,-10 day ahead inc hosp,quantile,0.5,1021,COVID-19
DE,15-34,2022-04-06,2022-03-27,-10 day ahead inc hosp,quantile,0.75,1021,COVID-19
DE,15-34,2022-04-06,2022-03-27,-10 day ahead inc hosp,quantile,0.9,1021,COVID-19
DE,15-34,2022-04-06,2022-03-27,-10 day ahead inc hosp,quantile,0.975,1021,COVID-19
DE,15-34,2022-04-06,2022-03-28,-9 day ahead inc hosp,mean,NA,1020,COVID-19
DE,15-34,2022-04-06,2022-03-28,-9 day ahead inc hosp,quantile,0.025,1020,COVID-19
DE,15-34,2022-04-06,2022-03-28,-9 day ahead inc hosp,quantile,0.1,1020,COVID-19
DE,15-34,2022-04-06,2022-03-28,-9 day ahead inc hosp,quantile,0.25,1020,COVID-19
DE,15-34,2022-04-06,2022-03-28,-9 day ahead inc hosp,quantile,0.5,1020,COVID-19
DE,15-34,2022-04-06,2022-03-28,-9 day ahead inc hosp,quantile,0.75,1020,COVID-19
DE,15-34,2022-04-06,2022-03-28,-9 day ahead inc hosp,quantile,0.9,1020,COVID-19
DE,15-34,2022-04-06,2022-03-28,-9 day ahead inc hosp,quantile,0.975,1020,COVID-19
DE,15-34,2022-04-06,2022-03-29,-8 day ahead inc hosp,mean,NA,1004,COVID-19
DE,15-34,2022-04-06,2022-03-29,-8 day ahead inc hosp,quantile,0.025,1004,COVID-19
DE,15-34,2022-04-06,2022-03-29,-8 day ahead inc hosp,quantile,0.1,1004,COVID-19
DE,15-34,2022-04-06,2022-03-29,-8 day ahead inc hosp,quantile,0.25,1004,COVID-19
DE,15-34,2022-04-06,2022-03-29,-8 day ahead inc hosp,quantile,0.5,1004,COVID-19
DE,15-34,2022-04-06,2022-03-29,-8 day ahead inc hosp,quantile,0.75,1004,COVID-19
DE,15-34,2022-04-06,2022-03-29,-8 day ahead inc hosp,quantile,0.9,1004,COVID-19
DE,15-34,2022-04-06,2022-03-29,-8 day ahead inc hosp,quantile,0.975,1004,COVID-19
DE,15-34,2022-04-06,2022-03-30,-7 day ahead inc hosp,mean,NA,950,COVID-19
DE,15-34,2022-04-06,2022-03-30,-7 day ahead inc hosp,quantile,0.025,950,COVID-19
DE,15-34,2022-04-06,2022-03-30,-7 day ahead inc hosp,quantile,0.1,950,COVID-19
DE,15-34,2022-04-06,2022-03-30,-7 day ahead inc hosp,quantile,0.25,950,COVID-19
DE,15-34,2022-04-06,2022-03-30,-7 day ahead inc hosp,quantile,0.5,950,COVID-19
DE,15-34,2022-04-06,2022-03-30,-7 day ahead inc hosp,quantile,0.75,950,COVID-19
DE,15-34,2022-04-06,2022-03-30,-7 day ahead inc hosp,quantile,0.9,950,COVID-19
DE,15-34,2022-04-06,2022-03-30,-7 day ahead inc hosp,quantile,0.975,950,COVID-19
DE,15-34,2022-04-06,2022-03-31,-6 day ahead inc hosp,mean,NA,908,COVID-19
DE,15-34,2022-04-06,2022-03-31,-6 day ahead inc hosp,quantile,0.025,908,COVID-19
DE,15-34,2022-04-06,2022-03-31,-6 day ahead inc hosp,quantile,0.1,908,COVID-19
DE,15-34,2022-04-06,2022-03-31,-6 day ahead inc hosp,quantile,0.25,908,COVID-19
DE,15-34,2022-04-06,2022-03-31,-6 day ahead inc hosp,quantile,0.5,908,COVID-19
DE,15-34,2022-04-06,2022-03-31,-6 day ahead inc hosp,quantile,0.75,908,COVID-19
DE,15-34,2022-04-06,2022-03-31,-6 day ahead inc hosp,quantile,0.9,908,COVID-19
DE,15-34,2022-04-06,2022-03-31,-6 day ahead inc hosp,quantile,0.975,908,COVID-19
DE,15-34,2022-04-06,2022-04-01,-5 day ahead inc hosp,mean,NA,866,COVID-19
DE,15-34,2022-04-06,2022-04-01,-5 day ahead inc hosp,quantile,0.025,866,COVID-19
DE,15-34,2022-04-06,2022-04-01,-5 day ahead inc hosp,quantile,0.1,866,COVID-19
DE,15-34,2022-04-06,2022-04-01,-5 day ahead inc hosp,quantile,0.25,866,COVID-19
DE,15-34,2022-04-06,2022-04-01,-5 day ahead inc hosp,quantile,0.5,866,COVID-19
DE,15-34,2022-04-06,2022-04-01,-5 day ahead inc hosp,quantile,0.75,866,COVID-19
DE,15-34,2022-04-06,2022-04-01,-5 day ahead inc hosp,quantile,0.9,866,COVID-19
DE,15-34,2022-04-06,2022-04-01,-5 day ahead inc hosp,quantile,0.975,866,COVID-19
DE,15-34,2022-04-06,2022-04-02,-4 day ahead inc hosp,mean,NA,799,COVID-19
DE,15-34,2022-04-06,2022-04-02,-4 day ahead inc hosp,quantile,0.025,799,COVID-19
DE,15-34,2022-04-06,2022-04-02,-4 day ahead inc hosp,quantile,0.1,799,COVID-19
DE,15-34,2022-04-06,2022-04-02,-4 day ahead inc hosp,quantile,0.25,799,COVID-19
DE,15-34,2022-04-06,2022-04-02,-4 day ahead inc hosp,quantile,0.5,799,COVID-19
DE,15-34,2022-04-06,2022-04-02,-4 day ahead inc hosp,quantile,0.75,799,COVID-19
DE,15-34,2022-04-06,2022-04-02,-4 day ahead inc hosp,quantile,0.9,799,COVID-19
DE,15-34,2022-04-06,2022-04-02,-4 day ahead inc hosp,quantile,0.975,799,COVID-19
DE,15-34,2022-04-06,2022-04-03,-3 day ahead inc hosp,mean,NA,770,COVID-19
DE,15-34,2022-04-06,2022-04-03,-3 day ahead inc hosp,quantile,0.025,770,COVID-19
DE,15-34,2022-04-06,2022-04-03,-3 day ahead inc hosp,quantile,0.1,770,COVID-19
DE,15-34,2022-04-06,2022-04-03,-3 day ahead inc hosp,quantile,0.25,770,COVID-19
DE,15-34,2022-04-06,2022-04-03,-3 day ahead inc hosp,quantile,0.5,770,COVID-19
DE,15-34,2022-04-06,2022-04-03,-3 day ahead inc hosp,quantile,0.75,770,COVID-19
DE,15-34,2022-04-06,2022-04-03,-3 day ahead inc hosp,quantile,0.9,770,COVID-19
DE,15-34,2022-04-06,2022-04-03,-3 day ahead inc hosp,quantile,0.975,770,COVID-19
DE,15-34,2022-04-06,2022-04-04,-2 day ahead inc hosp,mean,NA,731,COVID-19
DE,15-34,2022-04-06,2022-04-04,-2 day ahead inc hosp,quantile,0.025,731,COVID-19
DE,15-34,2022-04-06,2022-04-04,-2 day ahead inc hosp,quantile,0.1,731,COVID-19
DE,15-34,2022-04-06,2022-04-04,-2 day ahead inc hosp,quantile,0.25,731,COVID-19
DE,15-34,2022-04-06,2022-04-04,-2 day ahead inc hosp,quantile,0.5,731,COVID-19
DE,15-34,2022-04-06,2022-04-04,-2 day ahead inc hosp,quantile,0.75,731,COVID-19
DE,15-34,2022-04-06,2022-04-04,-2 day ahead inc hosp,quantile,0.9,731,COVID-19
DE,15-34,2022-04-06,2022-04-04,-2 day ahead inc hosp,quantile,0.975,731,COVID-19
DE,15-34,2022-04-06,2022-04-05,-1 day ahead inc hosp,mean,NA,680,COVID-19
DE,15-34,2022-04-06,2022-04-05,-1 day ahead inc hosp,quantile,0.025,680,COVID-19
DE,15-34,2022-04-06,2022-04-05,-1 day ahead inc hosp,quantile,0.1,680,COVID-19
DE,15-34,2022-04-06,2022-04-05,-1 day ahead inc hosp,quantile,0.25,680,COVID-19
DE,15-34,2022-04-06,2022-04-05,-1 day ahead inc hosp,quantile,0.5,680,COVID-19
DE,15-34,2022-04-06,2022-04-05,-1 day ahead inc hosp,quantile,0.75,680,COVID-19
DE,15-34,2022-04-06,2022-04-05,-1 day ahead inc hosp,quantile,0.9,680,COVID-19
DE,15-34,2022-04-06,2022-04-05,-1 day ahead inc hosp,quantile,0.975,680,COVID-19
DE,15-34,2022-04-06,2022-04-06,0 day ahead inc hosp,mean,NA,581,COVID-19
DE,15-34,2022-04-06,2022-04-06,0 day ahead inc hosp,quantile,0.025,581,COVID-19
DE,15-34,2022-04-06,2022-04-06,0 day ahead inc hosp,quantile,0.1,581,COVID-19
DE,15-34,2022-04-06,2022-04-06,0 day ahead inc hosp,quantile,0.25,581,COVID-19
DE,15-34,2022-04-06,2022-04-06,0 day ahead inc hosp,quantile,0.5,581,COVID-19
DE,15-34,2022-04-06,2022-04-06,0 day ahead inc hosp,quantile,0.75,581,COVID-19
DE,15-34,2022-04-06,2022-04-06,0 day ahead inc hosp,quantile,0.9,581,COVID-19
DE,15-34,2022-04-06,2022-04-06,0 day ahead inc hosp,quantile,0.975,581,COVID-19
DE,35-59,2022-04-06,2022-03-09,-28 day ahead inc hosp,mean,NA,1698,COVID-19
DE,35-59,2022-04-06,2022-03-09,-28 day ahead inc hosp,quantile,0.025,1698,COVID-19
DE,35-59,2022-04-06,2022-03-09,-28 day ahead inc hosp,quantile,0.1,1698,COVID-19
DE,35-59,2022-04-06,2022-03-09,-28 day ahead inc hosp,quantile,0.25,1698,COVID-19
DE,35-59,2022-04-06,2022-03-09,-28 day ahead inc hosp,quantile,0.5,1698,COVID-19
DE,35-59,2022-04-06,2022-03-09,-28 day ahead inc hosp,quantile,0.75,1698,COVID-19
DE,35-59,2022-04-06,2022-03-09,-28 day ahead inc hosp,quantile,0.9,1698,COVID-19
DE,35-59,2022-04-06,2022-03-09,-28 day ahead inc hosp,quantile,0.975,1698,COVID-19
DE,35-59,2022-04-06,2022-03-10,-27 day ahead inc hosp,mean,NA,1719,COVID-19
DE,35-59,2022-04-06,2022-03-10,-27 day ahead inc hosp,quantile,0.025,1719,COVID-19
DE,35-59,2022-04-06,2022-03-10,-27 day ahead inc hosp,quantile,0.1,1719,COVID-19
DE,35-59,2022-04-06,2022-03-10,-27 day ahead inc hosp,quantile,0.25,1719,COVID-19
DE,35-59,2022-04-06,2022-03-10,-27 day ahead inc hosp,quantile,0.5,1719,COVID-19
DE,35-59,2022-04-06,2022-03-10,-27 day ahead inc hosp,quantile,0.75,1719,COVID-19
DE,35-59,2022-04-06,2022-03-10,-27 day ahead inc hosp,quantile,0.9,1719,COVID-19
DE,35-59,2022-04-06,2022-03-10,-27 day ahead inc hosp,quantile,0.975,1719,COVID-19
DE,35-59,2022-04-06,2022-03-11,-26 day ahead inc hosp,mean,NA,1762,COVID-19
DE,35-59,2022-04-06,2022-03-11,-26 day ahead inc hosp,quantile,0.025,1762,COVID-19
DE,35-59,2022-04-06,2022-03-11,-26 day ahead inc hosp,quantile,0.1,1762,COVID-19
DE,35-59,2022-04-06,2022-03-11,-26 day ahead inc hosp,quantile,0.25,1762,COVID-19
DE,35-59,2022-04-06,2022-03-11,-26 day ahead inc hosp,quantile,0.5,1762,COVID-19
DE,35-59,2022-04-06,2022-03-11,-26 day ahead inc hosp,quantile,0.75,1762,COVID-19
DE,35-59,2022-04-06,2022-03-11,-26 day ahead inc hosp,quantile,0.9,1762,COVID-19
DE,35-59,2022-04-06,2022-03-11,-26 day ahead inc hosp,quantile,0.975,1762,COVID-19
DE,35-59,2022-04-06,2022-03-12,-25 day ahead inc hosp,mean,NA,1753,COVID-19
DE,35-59,2022-04-06,2022-03-12,-25 day ahead inc hosp,quantile,0.025,1753,COVID-19
DE,35-59,2022-04-06,2022-03-12,-25 day ahead inc hosp,quantile,0.1,1753,COVID-19
DE,35-59,2022-04-06,2022-03-12,-25 day ahead inc hosp,quantile,0.25,1753,COVID-19
DE,35-59,2022-04-06,2022-03-12,-25 day ahead inc hosp,quantile,0.5,1753,COVID-19
DE,35-59,2022-04-06,2022-03-12,-25 day ahead inc hosp,quantile,0.75,1753,COVID-19
DE,35-59,2022-04-06,2022-03-12,-25 day ahead inc hosp,quantile,0.9,1753,COVID-19
DE,35-59,2022-04-06,2022-03-12,-25 day ahead inc hosp,quantile,0.975,1753,COVID-19
DE,35-59,2022-04-06,2022-03-13,-24 day ahead inc hosp,mean,NA,1748,COVID-19
DE,35-59,2022-04-06,2022-03-13,-24 day ahead inc hosp,quantile,0.025,1748,COVID-19
DE,35-59,2022-04-06,2022-03-13,-24 day ahead inc hosp,quantile,0.1,1748,COVID-19
DE,35-59,2022-04-06,2022-03-13,-24 day ahead inc hosp,quantile,0.25,1748,COVID-19
DE,35-59,2022-04-06,2022-03-13,-24 day ahead inc hosp,quantile,0.5,1748,COVID-19
DE,35-59,2022-04-06,2022-03-13,-24 day ahead inc hosp,quantile,0.75,1748,COVID-19
DE,35-59,2022-04-06,2022-03-13,-24 day ahead inc hosp,quantile,0.9,1748,COVID-19
DE,35-59,2022-04-06,2022-03-13,-24 day ahead inc hosp,quantile,0.975,1748,COVID-19
DE,35-59,2022-04-06,2022-03-14,-23 day ahead inc hosp,mean,NA,1747,COVID-19
DE,35-59,2022-04-06,2022-03-14,-23 day ahead inc hosp,quantile,0.025,1747,COVID-19
DE,35-59,2022-04-06,2022-03-14,-23 day ahead inc hosp,quantile,0.1,1747,COVID-19
DE,35-59,2022-04-06,2022-03-14,-23 day ahead inc hosp,quantile,0.25,1747,COVID-19
DE,35-59,2022-04-06,2022-03-14,-23 day ahead inc hosp,quantile,0.5,1747,COVID-19
DE,35-59,2022-04-06,2022-03-14,-23 day ahead inc hosp,quantile,0.75,1747,COVID-19
DE,35-59,2022-04-06,2022-03-14,-23 day ahead inc hosp,quantile,0.9,1747,COVID-19
DE,35-59,2022-04-06,2022-03-14,-23 day ahead inc hosp,quantile,0.975,1747,COVID-19
DE,35-59,2022-04-06,2022-03-15,-22 day ahead inc hosp,mean,NA,1830,COVID-19
DE,35-59,2022-04-06,2022-03-15,-22 day ahead inc hosp,quantile,0.025,1830,COVID-19
DE,35-59,2022-04-06,2022-03-15,-22 day ahead inc hosp,quantile,0.1,1830,COVID-19
DE,35-59,2022-04-06,2022-03-15,-22 day ahead inc hosp,quantile,0.25,1830,COVID-19
DE,35-59,2022-04-06,2022-03-15,-22 day ahead inc hosp,quantile,0.5,1830,COVID-19
DE,35-59,2022-04-06,2022-03-15,-22 day ahead inc hosp,quantile,0.75,1830,COVID-19
DE,35-59,2022-04-06,2022-03-15,-22 day ahead inc hosp,quantile,0.9,1830,COVID-19
DE,35-59,2022-04-06,2022-03-15,-22 day ahead inc hosp,quantile,0.975,1830,COVID-19
DE,35-59,2022-04-06,2022-03-16,-21 day ahead inc hosp,mean,NA,1844,COVID-19
DE,35-59,2022-04-06,2022-03-16,-21 day ahead inc hosp,quantile,0.025,1844,COVID-19
DE,35-59,2022-04-06,2022-03-16,-21 day ahead inc hosp,quantile,0.1,1844,COVID-19
DE,35-59,2022-04-06,2022-03-16,-21 day ahead inc hosp,quantile,0.25,1844,COVID-19
DE,35-59,2022-04-06,2022-03-16,-21 day ahead inc hosp,quantile,0.5,1844,COVID-19
DE,35-59,2022-04-06,2022-03-16,-21 day ahead inc hosp,quantile,0.75,1844,COVID-19
DE,35-59,2022-04-06,2022-03-16,-21 day ahead inc hosp,quantile,0.9,1844,COVID-19
DE,35-59,2022-04-06,2022-03-16,-21 day ahead inc hosp,quantile,0.975,1844,COVID-19
DE,35-59,2022-04-06,2022-03-17,-20 day ahead inc hosp,mean,NA,1849,COVID-19
DE,35-59,2022-04-06,2022-03-17,-20 day ahead inc hosp,quantile,0.025,1849,COVID-19
DE,35-59,2022-04-06,2022-03-17,-20 day ahead inc hosp,quantile,0.1,1849,COVID-19
DE,35-59,2022-04-06,2022-03-17,-20 day ahead inc hosp,quantile,0.25,1849,COVID-19
DE,35-59,2022-04-06,2022-03-17,-20 day ahead inc hosp,quantile,0.5,1849,COVID-19
DE,35-59,2022-04-06,2022-03-17,-20 day ahead inc hosp,quantile,0.75,1849,COVID-19
DE,35-59,2022-04-06,2022-03-17,-20 day ahead inc hosp,quantile,0.9,1849,COVID-19
DE,35-59,2022-04-06,2022-03-17,-20 day ahead inc hosp,quantile,0.975,1849,COVID-19
DE,35-59,2022-04-06,2022-03-18,-19 day ahead inc hosp,mean,NA,1807,COVID-19
DE,35-59,2022-04-06,2022-03-18,-19 day ahead inc hosp,quantile,0.025,1807,COVID-19
DE,35-59,2022-04-06,2022-03-18,-19 day ahead inc hosp,quantile,0.1,1807,COVID-19
DE,35-59,2022-04-06,2022-03-18,-19 day ahead inc hosp,quantile,0.25,1807,COVID-19
DE,35-59,2022-04-06,2022-03-18,-19 day ahead inc hosp,quantile,0.5,1807,COVID-19
DE,35-59,2022-04-06,2022-03-18,-19 day ahead inc hosp,quantile,0.75,1807,COVID-19
DE,35-59,2022-04-06,2022-03-18,-19 day ahead inc hosp,quantile,0.9,1807,COVID-19
DE,35-59,2022-04-06,2022-03-18,-19 day ahead inc hosp,quantile,0.975,1807,COVID-19
DE,35-59,2022-04-06,2022-03-19,-18 day ahead inc hosp,mean,NA,1824,COVID-19
DE,35-59,2022-04-06,2022-03-19,-18 day ahead inc hosp,quantile,0.025,1824,COVID-19
DE,35-59,2022-04-06,2022-03-19,-18 day ahead inc hosp,quantile,0.1,1824,COVID-19
DE,35-59,2022-04-06,2022-03-19,-18 day ahead inc hosp,quantile,0.25,1824,COVID-19
DE,35-59,2022-04-06,2022-03-19,-18 day ahead inc hosp,quantile,0.5,1824,COVID-19
DE,35-59,2022-04-06,2022-03-19,-18 day ahead inc hosp,quantile,0.75,1824,COVID-19
DE,35-59,2022-04-06,2022-03-19,-18 day ahead inc hosp,quantile,0.9,1824,COVID-19
DE,35-59,2022-04-06,2022-03-19,-18 day ahead inc hosp,quantile,0.975,1824,COVID-19
DE,35-59,2022-04-06,2022-03-20,-17 day ahead inc hosp,mean,NA,1793,COVID-19
DE,35-59,2022-04-06,2022-03-20,-17 day ahead inc hosp,quantile,0.025,1793,COVID-19
DE,35-59,2022-04-06,2022-03-20,-17 day ahead inc hosp,quantile,0.1,1793,COVID-19
DE,35-59,2022-04-06,2022-03-20,-17 day ahead inc hosp,quantile,0.25,1793,COVID-19
DE,35-59,2022-04-06,2022-03-20,-17 day ahead inc hosp,quantile,0.5,1793,COVID-19
DE,35-59,2022-04-06,2022-03-20,-17 day ahead inc hosp,quantile,0.75,1793,COVID-19
DE,35-59,2022-04-06,2022-03-20,-17 day ahead inc hosp,quantile,0.9,1793,COVID-19
DE,35-59,2022-04-06,2022-03-20,-17 day ahead inc hosp,quantile,0.975,1793,COVID-19
DE,35-59,2022-04-06,2022-03-21,-16 day ahead inc hosp,mean,NA,1785,COVID-19
DE,35-59,2022-04-06,2022-03-21,-16 day ahead inc hosp,quantile,0.025,1785,COVID-19
DE,35-59,2022-04-06,2022-03-21,-16 day ahead inc hosp,quantile,0.1,1785,COVID-19
DE,35-59,2022-04-06,2022-03-21,-16 day ahead inc hosp,quantile,0.25,1785,COVID-19
DE,35-59,2022-04-06,2022-03-21,-16 day ahead inc hosp,quantile,0.5,1785,COVID-19
DE,35-59,2022-04-06,2022-03-21,-16 day ahead inc hosp,quantile,0.75,1785,COVID-19
DE,35-59,2022-04-06,2022-03-21,-16 day ahead inc hosp,quantile,0.9,1785,COVID-19
DE,35-59,2022-04-06,2022-03-21,-16 day ahead inc hosp,quantile,0.975,1785,COVID-19
DE,35-59,2022-04-06,2022-03-22,-15 day ahead inc hosp,mean,NA,1740,COVID-19
DE,35-59,2022-04-06,2022-03-22,-15 day ahead inc hosp,quantile,0.025,1740,COVID-19
DE,35-59,2022-04-06,2022-03-22,-15 day ahead inc hosp,quantile,0.1,1740,COVID-19
DE,35-59,2022-04-06,2022-03-22,-15 day ahead inc hosp,quantile,0.25,1740,COVID-19
DE,35-59,2022-04-06,2022-03-22,-15 day ahead inc hosp,quantile,0.5,1740,COVID-19
DE,35-59,2022-04-06,2022-03-22,-15 day ahead inc hosp,quantile,0.75,1740,COVID-19
DE,35-59,2022-04-06,2022-03-22,-15 day ahead inc hosp,quantile,0.9,1740,COVID-19
DE,35-59,2022-04-06,2022-03-22,-15 day ahead inc hosp,quantile,0.975,1740,COVID-19
DE,35-59,2022-04-06,2022-03-23,-14 day ahead inc hosp,mean,NA,1741,COVID-19
DE,35-59,2022-04-06,2022-03-23,-14 day ahead inc hosp,quantile,0.025,1741,COVID-19
DE,35-59,2022-04-06,2022-03-23,-14 day ahead inc hosp,quantile,0.1,1741,COVID-19
DE,35-59,2022-04-06,2022-03-23,-14 day ahead inc hosp,quantile,0.25,1741,COVID-19
DE,35-59,2022-04-06,2022-03-23,-14 day ahead inc hosp,quantile,0.5,1741,COVID-19
DE,35-59,2022-04-06,2022-03-23,-14 day ahead inc hosp,quantile,0.75,1741,COVID-19
DE,35-59,2022-04-06,2022-03-23,-14 day ahead inc hosp,quantile,0.9,1741,COVID-19
DE,35-59,2022-04-06,2022-03-23,-14 day ahead inc hosp,quantile,0.975,1741,COVID-19
DE,35-59,2022-04-06,2022-03-24,-13 day ahead inc hosp,mean,NA,1706,COVID-19
DE,35-59,2022-04-06,2022-03-24,-13 day ahead inc hosp,quantile,0.025,1706,COVID-19
DE,35-59,2022-04-06,2022-03-24,-13 day ahead inc hosp,quantile,0.1,1706,COVID-19
DE,35-59,2022-04-06,2022-03-24,-13 day ahead inc hosp,quantile,0.25,1706,COVID-19
DE,35-59,2022-04-06,2022-03-24,-13 day ahead inc hosp,quantile,0.5,1706,COVID-19
DE,35-59,2022-04-06,2022-03-24,-13 day ahead inc hosp,quantile,0.75,1706,COVID-19
DE,35-59,2022-04-06,2022-03-24,-13 day ahead inc hosp,quantile,0.9,1706,COVID-19
DE,35-59,2022-04-06,2022-03-24,-13 day ahead inc hosp,quantile,0.975,1706,COVID-19
DE,35-59,2022-04-06,2022-03-25,-12 day ahead inc hosp,mean,NA,1721,COVID-19
DE,35-59,2022-04-06,2022-03-25,-12 day ahead inc hosp,quantile,0.025,1721,COVID-19
DE,35-59,2022-04-06,2022-03-25,-12 day ahead inc hosp,quantile,0.1,1721,COVID-19
DE,35-59,2022-04-06,2022-03-25,-12 day ahead inc hosp,quantile,0.25,1721,COVID-19
DE,35-59,2022-04-06,2022-03-25,-12 day ahead inc hosp,quantile,0.5,1721,COVID-19
DE,35-59,2022-04-06,2022-03-25,-12 day ahead inc hosp,quantile,0.75,1721,COVID-19
DE,35-59,2022-04-06,2022-03-25,-12 day ahead inc hosp,quantile,0.9,1721,COVID-19
DE,35-59,2022-04-06,2022-03-25,-12 day ahead inc hosp,quantile,0.975,1721,COVID-19
DE,35-59,2022-04-06,2022-03-26,-11 day ahead inc hosp,mean,NA,1684,COVID-19
DE,35-59,2022-04-06,2022-03-26,-11 day ahead inc hosp,quantile,0.025,1684,COVID-19
DE,35-59,2022-04-06,2022-03-26,-11 day ahead inc hosp,quantile,0.1,1684,COVID-19
DE,35-59,2022-04-06,2022-03-26,-11 day ahead inc hosp,quantile,0.25,1684,COVID-19
DE,35-59,2022-04-06,2022-03-26,-11 day ahead inc hosp,quantile,0.5,1684,COVID-19
DE,35-59,2022-04-06,2022-03-26,-11 day ahead inc hosp,quantile,0.75,1684,COVID-19
DE,35-59,2022-04-06,2022-03-26,-11 day ahead inc hosp,quantile,0.9,1684,COVID-19
DE,35-59,2022-04-06,2022-03-26,-11 day ahead inc hosp,quantile,0.975,1684,COVID-19
DE,35-59,2022-04-06,2022-03-27,-10 day ahead inc hosp,mean,NA,1672,COVID-19
DE,35-59,2022-04-06,2022-03-27,-10 day ahead inc hosp,quantile,0.025,1672,COVID-19
DE,35-59,2022-04-06,2022-03-27,-10 day ahead inc hosp,quantile,0.1,1672,COVID-19
DE,35-59,2022-04-06,2022-03-27,-10 day ahead inc hosp,quantile,0.25,1672,COVID-19
DE,35-59,2022-04-06,2022-03-27,-10 day ahead inc hosp,quantile,0.5,1672,COVID-19
DE,35-59,2022-04-06,2022-03-27,-10 day ahead inc hosp,quantile,0.75,1672,COVID-19
DE,35-59,2022-04-06,2022-03-27,-10 day ahead inc hosp,quantile,0.9,1672,COVID-19
DE,35-59,2022-04-06,2022-03-27,-10 day ahead inc hosp,quantile,0.975,1672,COVID-19
DE,35-59,2022-04-06,2022-03-28,-9 day ahead inc hosp,mean,NA,1658,COVID-19
DE,35-59,2022-04-06,2022-03-28,-9 day ahead inc hosp,quantile,0.025,1658,COVID-19
DE,35-59,2022-04-06,2022-03-28,-9 day ahead inc hosp,quantile,0.1,1658,COVID-19
DE,35-59,2022-04-06,2022-03-28,-9 day ahead inc hosp,quantile,0.25,1658,COVID-19
DE,35-59,2022-04-06,2022-03-28,-9 day ahead inc hosp,quantile,0.5,1658,COVID-19
DE,35-59,2022-04-06,2022-03-28,-9 day ahead inc hosp,quantile,0.75,1658,COVID-19
DE,35-59,2022-04-06,2022-03-28,-9 day ahead inc hosp,quantile,0.9,1658,COVID-19
DE,35-59,2022-04-06,2022-03-28,-9 day ahead inc hosp,quantile,0.975,1658,COVID-19
DE,35-59,2022-04-06,2022-03-29,-8 day ahead inc hosp,mean,NA,1632,COVID-19
DE,35-59,2022-04-06,2022-03-29,-8 day ahead inc hosp,quantile,0.025,1632,COVID-19
DE,35-59,2022-04-06,2022-03-29,-8 day ahead inc hosp,quantile,0.1,1632,COVID-19
DE,35-59,2022-04-06,2022-03-29,-8 day ahead inc hosp,quantile,0.25,1632,COVID-19
DE,35-59,2022-04-06,2022-03-29,-8 day ahead inc hosp,quantile,0.5,1632,COVID-19
DE,35-59,2022-04-06,2022-03-29,-8 day ahead inc hosp,quantile,0.75,1632,COVID-19
DE,35-59,2022-04-06,2022-03-29,-8 day ahead inc hosp,quantile,0.9,1632,COVID-19
DE,35-59,2022-04-06,2022-03-29,-8 day ahead inc hosp,quantile,0.975,1632,COVID-19
DE,35-59,2022-04-06,2022-03-30,-7 day ahead inc hosp,mean,NA,1550,COVID-19
DE,35-59,2022-04-06,2022-03-30,-7 day ahead inc hosp,quantile,0.025,1550,COVID-19
DE,35-59,2022-04-06,2022-03-30,-7 day ahead inc hosp,quantile,0.1,1550,COVID-19
DE,35-59,2022-04-06,2022-03-30,-7 day ahead inc hosp,quantile,0.25,1550,COVID-19
DE,35-59,2022-04-06,2022-03-30,-7 day ahead inc hosp,quantile,0.5,1550,COVID-19
DE,35-59,2022-04-06,2022-03-30,-7 day ahead inc hosp,quantile,0.75,1550,COVID-19
DE,35-59,2022-04-06,2022-03-30,-7 day ahead inc hosp,quantile,0.9,1550,COVID-19
DE,35-59,2022-04-06,2022-03-30,-7 day ahead inc hosp,quantile,0.975,1550,COVID-19
DE,35-59,2022-04-06,2022-03-31,-6 day ahead inc hosp,mean,NA,1497,COVID-19
DE,35-59,2022-04-06,2022-03-31,-6 day ahead inc hosp,quantile,0.025,1497,COVID-19
DE,35-59,2022-04-06,2022-03-31,-6 day ahead inc hosp,quantile,0.1,1497,COVID-19
DE,35-59,2022-04-06,2022-03-31,-6 day ahead inc hosp,quantile,0.25,1497,COVID-19
DE,35-59,2022-04-06,2022-03-31,-6 day ahead inc hosp,quantile,0.5,1497,COVID-19
DE,35-59,2022-04-06,2022-03-31,-6 day ahead inc hosp,quantile,0.75,1497,COVID-19
DE,35-59,2022-04-06,2022-03-31,-6 day ahead inc hosp,quantile,0.9,1497,COVID-19
DE,35-59,2022-04-06,2022-03-31,-6 day ahead inc hosp,quantile,0.975,1497,COVID-19
DE,35-59,2022-04-06,2022-04-01,-5 day ahead inc hosp,mean,NA,1399,COVID-19
DE,35-59,2022-04-06,2022-04-01,-5 day ahead inc hosp,quantile,0.025,1399,COVID-19
DE,35-59,2022-04-06,2022-04-01,-5 day ahead inc hosp,quantile,0.1,1399,COVID-19
DE,35-59,2022-04-06,2022-04-01,-5 day ahead inc hosp,quantile,0.25,1399,COVID-19
DE,35-59,2022-04-06,2022-04-01,-5 day ahead inc hosp,quantile,0.5,1399,COVID-19
DE,35-59,2022-04-06,2022-04-01,-5 day ahead inc hosp,quantile,0.75,1399,COVID-19
DE,35-59,2022-04-06,2022-04-01,-5 day ahead inc hosp,quantile,0.9,1399,COVID-19
DE,35-59,2022-04-06,2022-04-01,-5 day ahead inc hosp,quantile,0.975,1399,COVID-19
DE,35-59,2022-04-06,2022-04-02,-4 day ahead inc hosp,mean,NA,1300,COVID-19
DE,35-59,2022-04-06,2022-04-02,-4 day ahead inc hosp,quantile,0.025,1300,COVID-19
DE,35-59,2022-04-06,2022-04-02,-4 day ahead inc hosp,quantile,0.1,1300,COVID-19
DE,35-59,2022-04-06,2022-04-02,-4 day ahead inc hosp,quantile,0.25,1300,COVID-19
DE,35-59,2022-04-06,2022-04-02,-4 day ahead inc hosp,quantile,0.5,1300,COVID-19
DE,35-59,2022-04-06,2022-04-02,-4 day ahead inc hosp,quantile,0.75,1300,COVID-19
DE,35-59,2022-04-06,2022-04-02,-4 day ahead inc hosp,quantile,0.9,1300,COVID-19
DE,35-59,2022-04-06,2022-04-02,-4 day ahead inc hosp,quantile,0.975,1300,COVID-19
DE,35-59,2022-04-06,2022-04-03,-3 day ahead inc hosp,mean,NA,1267,COVID-19
DE,35-59,2022-04-06,2022-04-03,-3 day ahead inc hosp,quantile,0.025,1267,COVID-19
DE,35-59,2022-04-06,2022-04-03,-3 day ahead inc hosp,quantile,0.1,1267,COVID-19
DE,35-59,2022-04-06,2022-04-03,-3 day ahead inc hosp,quantile,0.25,1267,COVID-19
DE,35-59,2022-04-06,2022-04-03,-3 day ahead inc hosp,quantile,0.5,1267,COVID-19
DE,35-59,2022-04-06,2022-04-03,-3 day ahead inc hosp,quantile,0.75,1267,COVID-19
DE,35-59,2022-04-06,2022-04-03,-3 day ahead inc hosp,quantile,0.9,1267,COVID-19
DE,35-59,2022-04-06,2022-04-03,-3 day ahead inc hosp,quantile,0.975,1267,COVID-19
DE,35-59,2022-04-06,2022-04-04,-2 day ahead inc hosp,mean,NA,1230,COVID-19
DE,35-59,2022-04-06,2022-04-04,-2 day ahead inc hosp,quantile,0.025,1230,COVID-19
DE,35-59,2022-04-06,2022-04-04,-2 day ahead inc hosp,quantile,0.1,1230,COVID-19
DE,35-59,2022-04-06,2022-04-04,-2 day ahead inc hosp,quantile,0.25,1230,COVID-19
DE,35-59,2022-04-06,2022-04-04,-2 day ahead inc hosp,quantile,0.5,1230,COVID-19
DE,35-59,2022-04-06,2022-04-04,-2 day ahead inc hosp,quantile,0.75,1230,COVID-19
DE,35-59,2022-04-06,2022-04-04,-2 day ahead inc hosp,quantile,0.9,1230,COVID-19
DE,35-59,2022-04-06,2022-04-04,-2 day ahead inc hosp,quantile,0.975,1230,COVID-19
DE,35-59,2022-04-06,2022-04-05,-1 day ahead inc hosp,mean,NA,1111,COVID-19
DE,35-59,2022-04-06,2022-04-05,-1 day ahead inc hosp,quantile,0.025,1111,COVID-19
DE,35-59,2022-04-06,2022-04-05,-1 day ahead inc hosp,quantile,0.1,1111,COVID-19
DE,35-59,2022-04-06,2022-04-05,-1 day ahead inc hosp,quantile,0.25,1111,COVID-19
DE,35-59,2022-04-06,2022-04-05,-1 day ahead inc hosp,quantile,0.5,1111,COVID-19
DE,35-59,2022-04-06,2022-04-05,-1 day ahead inc hosp,quantile,0.75,1111,COVID-19
DE,35-59,2022-04-06,2022-04-05,-1 day ahead inc hosp,quantile,0.9,1111,COVID-19
DE,35-59,2022-04-06,2022-04-05,-1 day ahead inc hosp,quantile,0.975,1111,COVID-19
DE,35-59,2022-04-06,2022-04-06,0 day ahead inc hosp,mean,NA,933,COVID-19
DE,35-59,2022-04-06,2022-04-06,0 day ahead inc hosp,quantile,0.025,933,COVID-19
DE,35-59,2022-04-06,2022-04-06,0 day ahead inc hosp,quantile,0.1,933,COVID-19
DE,35-59,2022-04-06,2022-04-06,0 day ahead inc hosp,quantile,0.25,933,COVID-19
DE,35-59,2022-04-06,2022-04-06,0 day ahead inc hosp,quantile,0.5,933,COVID-19
DE,35-59,2022-04-06,2022-04-06,0 day ahead inc hosp,quantile,0.75,933,COVID-19
DE,35-59,2022-04-06,2022-04-06,0 day ahead inc hosp,quantile,0.9,933,COVID-19
DE,35-59,2022-04-06,2022-04-06,0 day ahead inc hosp,quantile,0.975,933,COVID-19
DE,60-79,2022-04-06,2022-03-09,-28 day ahead inc hosp,mean,NA,2764,COVID-19
DE,60-79,2022-04-06,2022-03-09,-28 day ahead inc hosp,quantile,0.025,2764,COVID-19
DE,60-79,2022-04-06,2022-03-09,-28 day ahead inc hosp,quantile,0.1,2764,COVID-19
DE,60-79,2022-04-06,2022-03-09,-28 day ahead inc hosp,quantile,0.25,2764,COVID-19
DE,60-79,2022-04-06,2022-03-09,-28 day ahead inc hosp,quantile,0.5,2764,COVID-19
DE,60-79,2022-04-06,2022-03-09,-28 day ahead inc hosp,quantile,0.75,2764,COVID-19
DE,60-79,2022-04-06,2022-03-09,-28 day ahead inc hosp,quantile,0.9,2764,COVID-19
DE,60-79,2022-04-06,2022-03-09,-28 day ahead inc hosp,quantile,0.975,2764,COVID-19
DE,60-79,2022-04-06,2022-03-10,-27 day ahead inc hosp,mean,NA,2833,COVID-19
DE,60-79,2022-04-06,2022-03-10,-27 day ahead inc hosp,quantile,0.025,2833,COVID-19
DE,60-79,2022-04-06,2022-03-10,-27 day ahead inc hosp,quantile,0.1,2833,COVID-19
DE,60-79,2022-04-06,2022-03-10,-27 day ahead inc hosp,quantile,0.25,2833,COVID-19
DE,60-79,2022-04-06,2022-03-10,-27 day ahead inc hosp,quantile,0.5,2833,COVID-19
DE,60-79,2022-04-06,2022-03-10,-27 day ahead inc hosp,quantile,0.75,2833,COVID-19
DE,60-79,2022-04-06,2022-03-10,-27 day ahead inc hosp,quantile,0.9,2833,COVID-19
DE,60-79,2022-04-06,2022-03-10,-27 day ahead inc hosp,quantile,0.975,2833,COVID-19
DE,60-79,2022-04-06,2022-03-11,-26 day ahead inc hosp,mean,NA,2853,COVID-19
DE,60-79,2022-04-06,2022-03-11,-26 day ahead inc hosp,quantile,0.025,2853,COVID-19
DE,60-79,2022-04-06,2022-03-11,-26 day ahead inc hosp,quantile,0.1,2853,COVID-19
DE,60-79,2022-04-06,2022-03-11,-26 day ahead inc hosp,quantile,0.25,2853,COVID-19
DE,60-79,2022-04-06,2022-03-11,-26 day ahead inc hosp,quantile,0.5,2853,COVID-19
DE,60-79,2022-04-06,2022-03-11,-26 day ahead inc hosp,quantile,0.75,2853,COVID-19
DE,60-79,2022-04-06,2022-03-11,-26 day ahead inc hosp,quantile,0.9,2853,COVID-19
DE,60-79,2022-04-06,2022-03-11,-26 day ahead inc hosp,quantile,0.975,2853,COVID-19
DE,60-79,2022-04-06,2022-03-12,-25 day ahead inc hosp,mean,NA,2915,COVID-19
DE,60-79,2022-04-06,2022-03-12,-25 day ahead inc hosp,quantile,0.025,2915,COVID-19
DE,60-79,2022-04-06,2022-03-12,-25 day ahead inc hosp,quantile,0.1,2915,COVID-19
DE,60-79,2022-04-06,2022-03-12,-25 day ahead inc hosp,quantile,0.25,2915,COVID-19
DE,60-79,2022-04-06,2022-03-12,-25 day ahead inc hosp,quantile,0.5,2915,COVID-19
DE,60-79,2022-04-06,2022-03-12,-25 day ahead inc hosp,quantile,0.75,2915,COVID-19
DE,60-79,2022-04-06,2022-03-12,-25 day ahead inc hosp,quantile,0.9,2915,COVID-19
DE,60-79,2022-04-06,2022-03-12,-25 day ahead inc hosp,quantile,0.975,2915,COVID-19
DE,60-79,2022-04-06,2022-03-13,-24 day ahead inc hosp,mean,NA,2951,COVID-19
DE,60-79,2022-04-06,2022-03-13,-24 day ahead inc hosp,quantile,0.025,2951,COVID-19
DE,60-79,2022-04-06,2022-03-13,-24 day ahead inc hosp,quantile,0.1,2951,COVID-19
DE,60-79,2022-04-06,2022-03-13,-24 day ahead inc hosp,quantile,0.25,2951,COVID-19
DE,60-79,2022-04-06,2022-03-13,-24 day ahead inc hosp,quantile,0.5,2951,COVID-19
DE,60-79,2022-04-06,2022-03-13,-24 day ahead inc hosp,quantile,0.75,2951,COVID-19
DE,60-79,2022-04-06,2022-03-13,-24 day ahead inc hosp,quantile,0.9,2951,COVID-19
DE,60-79,2022-04-06,2022-03-13,-24 day ahead inc hosp,quantile,0.975,2951,COVID-19
DE,60-79,2022-04-06,2022-03-14,-23 day ahead inc hosp,mean,NA,2985,COVID-19
DE,60-79,2022-04-06,2022-03-14,-23 day ahead inc hosp,quantile,0.025,2985,COVID-19
DE,60-79,2022-04-06,2022-03-14,-23 day ahead inc hosp,quantile,0.1,2985,COVID-19
DE,60-79,2022-04-06,2022-03-14,-23 day ahead inc hosp,quantile,0.25,2985,COVID-19
DE,60-79,2022-04-06,2022-03-14,-23 day ahead inc hosp,quantile,0.5,2985,COVID-19
DE,60-79,2022-04-06,2022-03-14,-23 day ahead inc hosp,quantile,0.75,2985,COVID-19
DE,60-79,2022-04-06,2022-03-14,-23 day ahead inc hosp,quantile,0.9,2985,COVID-19
DE,60-79,2022-04-06,2022-03-14,-23 day ahead inc hosp,quantile,0.975,2985,COVID-19
DE,60-79,2022-04-06,2022-03-15,-22 day ahead inc hosp,mean,NA,3117,COVID-19
DE,60-79,2022-04-06,2022-03-15,-22 day ahead inc hosp,quantile,0.025,3117,COVID-19
DE,60-79,2022-04-06,2022-03-15,-22 day ahead inc hosp,quantile,0.1,3117,COVID-19
DE,60-79,2022-04-06,2022-03-15,-22 day ahead inc hosp,quantile,0.25,3117,COVID-19
DE,60-79,2022-04-06,2022-03-15,-22 day ahead inc hosp,quantile,0.5,3117,COVID-19
DE,60-79,2022-04-06,2022-03-15,-22 day ahead inc hosp,quantile,0.75,3117,COVID-19
DE,60-79,2022-04-06,2022-03-15,-22 day ahead inc hosp,quantile,0.9,3117,COVID-19
DE,60-79,2022-04-06,2022-03-15,-22 day ahead inc hosp,quantile,0.975,3117,COVID-19
DE,60-79,2022-04-06,2022-03-16,-21 day ahead inc hosp,mean,NA,3152,COVID-19
DE,60-79,2022-04-06,2022-03-16,-21 day ahead inc hosp,quantile,0.025,3152,COVID-19
DE,60-79,2022-04-06,2022-03-16,-21 day ahead inc hosp,quantile,0.1,3152,COVID-19
DE,60-79,2022-04-06,2022-03-16,-21 day ahead inc hosp,quantile,0.25,3152,COVID-19
DE,60-79,2022-04-06,2022-03-16,-21 day ahead inc hosp,quantile,0.5,3152,COVID-19
DE,60-79,2022-04-06,2022-03-16,-21 day ahead inc hosp,quantile,0.75,3152,COVID-19
DE,60-79,2022-04-06,2022-03-16,-21 day ahead inc hosp,quantile,0.9,3152,COVID-19
DE,60-79,2022-04-06,2022-03-16,-21 day ahead inc hosp,quantile,0.975,3152,COVID-19
DE,60-79,2022-04-06,2022-03-17,-20 day ahead inc hosp,mean,NA,3232,COVID-19
DE,60-79,2022-04-06,2022-03-17,-20 day ahead inc hosp,quantile,0.025,3232,COVID-19
DE,60-79,2022-04-06,2022-03-17,-20 day ahead inc hosp,quantile,0.1,3232,COVID-19
DE,60-79,2022-04-06,2022-03-17,-20 day ahead inc hosp,quantile,0.25,3232,COVID-19
DE,60-79,2022-04-06,2022-03-17,-20 day ahead inc hosp,quantile,0.5,3232,COVID-19
DE,60-79,2022-04-06,2022-03-17,-20 day ahead inc hosp,quantile,0.75,3232,COVID-19
DE,60-79,2022-04-06,2022-03-17,-20 day ahead inc hosp,quantile,0.9,3232,COVID-19
DE,60-79,2022-04-06,2022-03-17,-20 day ahead inc hosp,quantile,0.975,3232,COVID-19
DE,60-79,2022-04-06,2022-03-18,-19 day ahead inc hosp,mean,NA,3331,COVID-19
DE,60-79,2022-04-06,2022-03-18,-19 day ahead inc hosp,quantile,0.025,3331,COVID-19
DE,60-79,2022-04-06,2022-03-18,-19 day ahead inc hosp,quantile,0.1,3331,COVID-19
DE,60-79,2022-04-06,2022-03-18,-19 day ahead inc hosp,quantile,0.25,3331,COVID-19
DE,60-79,2022-04-06,2022-03-18,-19 day ahead inc hosp,quantile,0.5,3331,COVID-19
DE,60-79,2022-04-06,2022-03-18,-19 day ahead inc hosp,quantile,0.75,3331,COVID-19
DE,60-79,2022-04-06,2022-03-18,-19 day ahead inc hosp,quantile,0.9,3331,COVID-19
DE,60-79,2022-04-06,2022-03-18,-19 day ahead inc hosp,quantile,0.975,3331,COVID-19
DE,60-79,2022-04-06,2022-03-19,-18 day ahead inc hosp,mean,NA,3314,COVID-19
DE,60-79,2022-04-06,2022-03-19,-18 day ahead inc hosp,quantile,0.025,3314,COVID-19
DE,60-79,2022-04-06,2022-03-19,-18 day ahead inc hosp,quantile,0.1,3314,COVID-19
DE,60-79,2022-04-06,2022-03-19,-18 day ahead inc hosp,quantile,0.25,3314,COVID-19
DE,60-79,2022-04-06,2022-03-19,-18 day ahead inc hosp,quantile,0.5,3314,COVID-19
DE,60-79,2022-04-06,2022-03-19,-18 day ahead inc hosp,quantile,0.75,3314,COVID-19
DE,60-79,2022-04-06,2022-03-19,-18 day ahead inc hosp,quantile,0.9,3314,COVID-19
DE,60-79,2022-04-06,2022-03-19,-18 day ahead inc hosp,quantile,0.975,3314,COVID-19
DE,60-79,2022-04-06,2022-03-20,-17 day ahead inc hosp,mean,NA,3308,COVID-19
DE,60-79,2022-04-06,2022-03-20,-17 day ahead inc hosp,quantile,0.025,3308,COVID-19
DE,60-79,2022-04-06,2022-03-20,-17 day ahead inc hosp,quantile,0.1,3308,COVID-19
DE,60-79,2022-04-06,2022-03-20,-17 day ahead inc hosp,quantile,0.25,3308,COVID-19
DE,60-79,2022-04-06,2022-03-20,-17 day ahead inc hosp,quantile,0.5,3308,COVID-19
DE,60-79,2022-04-06,2022-03-20,-17 day ahead inc hosp,quantile,0.75,3308,COVID-19
DE,60-79,2022-04-06,2022-03-20,-17 day ahead inc hosp,quantile,0.9,3308,COVID-19
DE,60-79,2022-04-06,2022-03-20,-17 day ahead inc hosp,quantile,0.975,3308,COVID-19
DE,60-79,2022-04-06,2022-03-21,-16 day ahead inc hosp,mean,NA,3284,COVID-19
DE,60-79,2022-04-06,2022-03-21,-16 day ahead inc hosp,quantile,0.025,3284,COVID-19
DE,60-79,2022-04-06,2022-03-21,-16 day ahead inc hosp,quantile,0.1,3284,COVID-19
DE,60-79,2022-04-06,2022-03-21,-16 day ahead inc hosp,quantile,0.25,3284,COVID-19
DE,60-79,2022-04-06,2022-03-21,-16 day ahead inc hosp,quantile,0.5,3284,COVID-19
DE,60-79,2022-04-06,2022-03-21,-16 day ahead inc hosp,quantile,0.75,3284,COVID-19
DE,60-79,2022-04-06,2022-03-21,-16 day ahead inc hosp,quantile,0.9,3284,COVID-19
DE,60-79,2022-04-06,2022-03-21,-16 day ahead inc hosp,quantile,0.975,3284,COVID-19
DE,60-79,2022-04-06,2022-03-22,-15 day ahead inc hosp,mean,NA,3236,COVID-19
DE,60-79,2022-04-06,2022-03-22,-15 day ahead inc hosp,quantile,0.025,3236,COVID-19
DE,60-79,2022-04-06,2022-03-22,-15 day ahead inc hosp,quantile,0.1,3236,COVID-19
DE,60-79,2022-04-06,2022-03-22,-15 day ahead inc hosp,quantile,0.25,3236,COVID-19
DE,60-79,2022-04-06,2022-03-22,-15 day ahead inc hosp,quantile,0.5,3236,COVID-19
DE,60-79,2022-04-06,2022-03-22,-15 day ahead inc hosp,quantile,0.75,3236,COVID-19
DE,60-79,2022-04-06,2022-03-22,-15 day ahead inc hosp,quantile,0.9,3236,COVID-19
DE,60-79,2022-04-06,2022-03-22,-15 day ahead inc hosp,quantile,0.975,3236,COVID-19
DE,60-79,2022-04-06,2022-03-23,-14 day ahead inc hosp,mean,NA,3184,COVID-19
DE,60-79,2022-04-06,2022-03-23,-14 day ahead inc hosp,quantile,0.025,3184,COVID-19
DE,60-79,2022-04-06,2022-03-23,-14 day ahead inc hosp,quantile,0.1,3184,COVID-19
DE,60-79,2022-04-06,2022-03-23,-14 day ahead inc hosp,quantile,0.25,3184,COVID-19
DE,60-79,2022-04-06,2022-03-23,-14 day ahead inc hosp,quantile,0.5,3184,COVID-19
DE,60-79,2022-04-06,2022-03-23,-14 day ahead inc hosp,quantile,0.75,3184,COVID-19
DE,60-79,2022-04-06,2022-03-23,-14 day ahead inc hosp,quantile,0.9,3184,COVID-19
DE,60-79,2022-04-06,2022-03-23,-14 day ahead inc hosp,quantile,0.975,3184,COVID-19
DE,60-79,2022-04-06,2022-03-24,-13 day ahead inc hosp,mean,NA,3179,COVID-19
DE,60-79,2022-04-06,2022-03-24,-13 day ahead inc hosp,quantile,0.025,3179,COVID-19
DE,60-79,2022-04-06,2022-03-24,-13 day ahead inc hosp,quantile,0.1,3179,COVID-19
DE,60-79,2022-04-06,2022-03-24,-13 day ahead inc hosp,quantile,0.25,3179,COVID-19
DE,60-79,2022-04-06,2022-03-24,-13 day ahead inc hosp,quantile,0.5,3179,COVID-19
DE,60-79,2022-04-06,2022-03-24,-13 day ahead inc hosp,quantile,0.75,3179,COVID-19
DE,60-79,2022-04-06,2022-03-24,-13 day ahead inc hosp,quantile,0.9,3179,COVID-19
DE,60-79,2022-04-06,2022-03-24,-13 day ahead inc hosp,quantile,0.975,3179,COVID-19
DE,60-79,2022-04-06,2022-03-25,-12 day ahead inc hosp,mean,NA,3078,COVID-19
DE,60-79,2022-04-06,2022-03-25,-12 day ahead inc hosp,quantile,0.025,3078,COVID-19
DE,60-79,2022-04-06,2022-03-25,-12 day ahead inc hosp,quantile,0.1,3078,COVID-19
DE,60-79,2022-04-06,2022-03-25,-12 day ahead inc hosp,quantile,0.25,3078,COVID-19
DE,60-79,2022-04-06,2022-03-25,-12 day ahead inc hosp,quantile,0.5,3078,COVID-19
DE,60-79,2022-04-06,2022-03-25,-12 day ahead inc hosp,quantile,0.75,3078,COVID-19
DE,60-79,2022-04-06,2022-03-25,-12 day ahead inc hosp,quantile,0.9,3078,COVID-19
DE,60-79,2022-04-06,2022-03-25,-12 day ahead inc hosp,quantile,0.975,3078,COVID-19
DE,60-79,2022-04-06,2022-03-26,-11 day ahead inc hosp,mean,NA,3059,COVID-19
DE,60-79,2022-04-06,2022-03-26,-11 day ahead inc hosp,quantile,0.025,3059,COVID-19
DE,60-79,2022-04-06,2022-03-26,-11 day ahead inc hosp,quantile,0.1,3059,COVID-19
DE,60-79,2022-04-06,2022-03-26,-11 day ahead inc hosp,quantile,0.25,3059,COVID-19
DE,60-79,2022-04-06,2022-03-26,-11 day ahead inc hosp,quantile,0.5,3059,COVID-19
DE,60-79,2022-04-06,2022-03-26,-11 day ahead inc hosp,quantile,0.75,3059,COVID-19
DE,60-79,2022-04-06,2022-03-26,-11 day ahead inc hosp,quantile,0.9,3059,COVID-19
DE,60-79,2022-04-06,2022-03-26,-11 day ahead inc hosp,quantile,0.975,3059,COVID-19
DE,60-79,2022-04-06,2022-03-27,-10 day ahead inc hosp,mean,NA,3030,COVID-19
DE,60-79,2022-04-06,2022-03-27,-10 day ahead inc hosp,quantile,0.025,3030,COVID-19
DE,60-79,2022-04-06,2022-03-27,-10 day ahead inc hosp,quantile,0.1,3030,COVID-19
DE,60-79,2022-04-06,2022-03-27,-10 day ahead inc hosp,quantile,0.25,3030,COVID-19
DE,60-79,2022-04-06,2022-03-27,-10 day ahead inc hosp,quantile,0.5,3030,COVID-19
DE,60-79,2022-04-06,2022-03-27,-10 day ahead inc hosp,quantile,0.75,3030,COVID-19
DE,60-79,2022-04-06,2022-03-27,-10 day ahead inc hosp,quantile,0.9,3030,COVID-19
DE,60-79,2022-04-06,2022-03-27,-10 day ahead inc hosp,quantile,0.975,3030,COVID-19
DE,60-79,2022-04-06,2022-03-28,-9 day ahead inc hosp,mean,NA,3007,COVID-19
DE,60-79,2022-04-06,2022-03-28,-9 day ahead inc hosp,quantile,0.025,3007,COVID-19
DE,60-79,2022-04-06,2022-03-28,-9 day ahead inc hosp,quantile,0.1,3007,COVID-19
DE,60-79,2022-04-06,2022-03-28,-9 day ahead inc hosp,quantile,0.25,3007,COVID-19
DE,60-79,2022-04-06,2022-03-28,-9 day ahead inc hosp,quantile,0.5,3007,COVID-19
DE,60-79,2022-04-06,2022-03-28,-9 day ahead inc hosp,quantile,0.75,3007,COVID-19
DE,60-79,2022-04-06,2022-03-28,-9 day ahead inc hosp,quantile,0.9,3007,COVID-19
DE,60-79,2022-04-06,2022-03-28,-9 day ahead inc hosp,quantile,0.975,3007,COVID-19
DE,60-79,2022-04-06,2022-03-29,-8 day ahead inc hosp,mean,NA,2948,COVID-19
DE,60-79,2022-04-06,2022-03-29,-8 day ahead inc hosp,quantile,0.025,2948,COVID-19
DE,60-79,2022-04-06,2022-03-29,-8 day ahead inc hosp,quantile,0.1,2948,COVID-19
DE,60-79,2022-04-06,2022-03-29,-8 day ahead inc hosp,quantile,0.25,2948,COVID-19
DE,60-79,2022-04-06,2022-03-29,-8 day ahead inc hosp,quantile,0.5,2948,COVID-19
DE,60-79,2022-04-06,2022-03-29,-8 day ahead inc hosp,quantile,0.75,2948,COVID-19
DE,60-79,2022-04-06,2022-03-29,-8 day ahead inc hosp,quantile,0.9,2948,COVID-19
DE,60-79,2022-04-06,2022-03-29,-8 day ahead inc hosp,quantile,0.975,2948,COVID-19
DE,60-79,2022-04-06,2022-03-30,-7 day ahead inc hosp,mean,NA,2874,COVID-19
DE,60-79,2022-04-06,2022-03-30,-7 day ahead inc hosp,quantile,0.025,2874,COVID-19
DE,60-79,2022-04-06,2022-03-30,-7 day ahead inc hosp,quantile,0.1,2874,COVID-19
DE,60-79,2022-04-06,2022-03-30,-7 day ahead inc hosp,quantile,0.25,2874,COVID-19
DE,60-79,2022-04-06,2022-03-30,-7 day ahead inc hosp,quantile,0.5,2874,COVID-19
DE,60-79,2022-04-06,2022-03-30,-7 day ahead inc hosp,quantile,0.75,2874,COVID-19
DE,60-79,2022-04-06,2022-03-30,-7 day ahead inc hosp,quantile,0.9,2874,COVID-19
DE,60-79,2022-04-06,2022-03-30,-7 day ahead inc hosp,quantile,0.975,2874,COVID-19
DE,60-79,2022-04-06,2022-03-31,-6 day ahead inc hosp,mean,NA,2685,COVID-19
DE,60-79,2022-04-06,2022-03-31,-6 day ahead inc hosp,quantile,0.025,2685,COVID-19
DE,60-79,2022-04-06,2022-03-31,-6 day ahead inc hosp,quantile,0.1,2685,COVID-19
DE,60-79,2022-04-06,2022-03-31,-6 day ahead inc hosp,quantile,0.25,2685,COVID-19
DE,60-79,2022-04-06,2022-03-31,-6 day ahead inc hosp,quantile,0.5,2685,COVID-19
DE,60-79,2022-04-06,2022-03-31,-6 day ahead inc hosp,quantile,0.75,2685,COVID-19
DE,60-79,2022-04-06,2022-03-31,-6 day ahead inc hosp,quantile,0.9,2685,COVID-19
DE,60-79,2022-04-06,2022-03-31,-6 day ahead inc hosp,quantile,0.975,2685,COVID-19
DE,60-79,2022-04-06,2022-04-01,-5 day ahead inc hosp,mean,NA,2572,COVID-19
DE,60-79,2022-04-06,2022-04-01,-5 day ahead inc hosp,quantile,0.025,2572,COVID-19
DE,60-79,2022-04-06,2022-04-01,-5 day ahead inc hosp,quantile,0.1,2572,COVID-19
DE,60-79,2022-04-06,2022-04-01,-5 day ahead inc hosp,quantile,0.25,2572,COVID-19
DE,60-79,2022-04-06,2022-04-01,-5 day ahead inc hosp,quantile,0.5,2572,COVID-19
DE,60-79,2022-04-06,2022-04-01,-5 day ahead inc hosp,quantile,0.75,2572,COVID-19
DE,60-79,2022-04-06,2022-04-01,-5 day ahead inc hosp,quantile,0.9,2572,COVID-19
DE,60-79,2022-04-06,2022-04-01,-5 day ahead inc hosp,quantile,0.975,2572,COVID-19
DE,60-79,2022-04-06,2022-04-02,-4 day ahead inc hosp,mean,NA,2391,COVID-19
DE,60-79,2022-04-06,2022-04-02,-4 day ahead inc hosp,quantile,0.025,2391,COVID-19
DE,60-79,2022-04-06,2022-04-02,-4 day ahead inc hosp,quantile,0.1,2391,COVID-19
DE,60-79,2022-04-06,2022-04-02,-4 day ahead inc hosp,quantile,0.25,2391,COVID-19
DE,60-79,2022-04-06,2022-04-02,-4 day ahead inc hosp,quantile,0.5,2391,COVID-19
DE,60-79,2022-04-06,2022-04-02,-4 day ahead inc hosp,quantile,0.75,2391,COVID-19
DE,60-79,2022-04-06,2022-04-02,-4 day ahead inc hosp,quantile,0.9,2391,COVID-19
DE,60-79,2022-04-06,2022-04-02,-4 day ahead inc hosp,quantile,0.975,2391,COVID-19
DE,60-79,2022-04-06,2022-04-03,-3 day ahead inc hosp,mean,NA,2280,COVID-19
DE,60-79,2022-04-06,2022-04-03,-3 day ahead inc hosp,quantile,0.025,2280,COVID-19
DE,60-79,2022-04-06,2022-04-03,-3 day ahead inc hosp,quantile,0.1,2280,COVID-19
DE,60-79,2022-04-06,2022-04-03,-3 day ahead inc hosp,quantile,0.25,2280,COVID-19
DE,60-79,2022-04-06,2022-04-03,-3 day ahead inc hosp,quantile,0.5,2280,COVID-19
DE,60-79,2022-04-06,2022-04-03,-3 day ahead inc hosp,quantile,0.75,2280,COVID-19
DE,60-79,2022-04-06,2022-04-03,-3 day ahead inc hosp,quantile,0.9,2280,COVID-19
DE,60-79,2022-04-06,2022-04-03,-3 day ahead inc hosp,quantile,0.975,2280,COVID-19
DE,60-79,2022-04-06,2022-04-04,-2 day ahead inc hosp,mean,NA,2216,COVID-19
DE,60-79,2022-04-06,2022-04-04,-2 day ahead inc hosp,quantile,0.025,2216,COVID-19
DE,60-79,2022-04-06,2022-04-04,-2 day ahead inc hosp,quantile,0.1,2216,COVID-19
DE,60-79,2022-04-06,2022-04-04,-2 day ahead inc hosp,quantile,0.25,2216,COVID-19
DE,60-79,2022-04-06,2022-04-04,-2 day ahead inc hosp,quantile,0.5,2216,COVID-19
DE,60-79,2022-04-06,2022-04-04,-2 day ahead inc hosp,quantile,0.75,2216,COVID-19
DE,60-79,2022-04-06,2022-04-04,-2 day ahead inc hosp,quantile,0.9,2216,COVID-19
DE,60-79,2022-04-06,2022-04-04,-2 day ahead inc hosp,quantile,0.975,2216,COVID-19
DE,60-79,2022-04-06,2022-04-05,-1 day ahead inc hosp,mean,NA,2026,COVID-19
DE,60-79,2022-04-06,2022-04-05,-1 day ahead inc hosp,quantile,0.025,2026,COVID-19
DE,60-79,2022-04-06,2022-04-05,-1 day ahead inc hosp,quantile,0.1,2026,COVID-19
DE,60-79,2022-04-06,2022-04-05,-1 day ahead inc hosp,quantile,0.25,2026,COVID-19
DE,60-79,2022-04-06,2022-04-05,-1 day ahead inc hosp,quantile,0.5,2026,COVID-19
DE,60-79,2022-04-06,2022-04-05,-1 day ahead inc hosp,quantile,0.75,2026,COVID-19
DE,60-79,2022-04-06,2022-04-05,-1 day ahead inc hosp,quantile,0.9,2026,COVID-19
DE,60-79,2022-04-06,2022-04-05,-1 day ahead inc hosp,quantile,0.975,2026,COVID-19
DE,60-79,2022-04-06,2022-04-06,0 day ahead inc hosp,mean,NA,1674,COVID-19
DE,60-79,2022-04-06,2022-04-06,0 day ahead inc hosp,quantile,0.025,1674,COVID-19
DE,60-79,2022-04-06,2022-04-06,0 day ahead inc hosp,quantile,0.1,1674,COVID-19
DE,60-79,2022-04-06,2022-04-06,0 day ahead inc hosp,quantile,0.25,1674,COVID-19
DE,60-79,2022-04-06,2022-04-06,0 day ahead inc hosp,quantile,0.5,1674,COVID-19
DE,60-79,2022-04-06,2022-04-06,0 day ahead inc hosp,quantile,0.75,1674,COVID-19
DE,60-79,2022-04-06,2022-04-06,0 day ahead inc hosp,quantile,0.9,1674,COVID-19
DE,60-79,2022-04-06,2022-04-06,0 day ahead inc hosp,quantile,0.975,1674,COVID-19
DE,80+,2022-04-06,2022-03-09,-28 day ahead inc hosp,mean,NA,3249,COVID-19
DE,80+,2022-04-06,2022-03-09,-28 day ahead inc hosp,quantile,0.025,3249,COVID-19
DE,80+,2022-04-06,2022-03-09,-28 day ahead inc hosp,quantile,0.1,3249,COVID-19
DE,80+,2022-04-06,2022-03-09,-28 day ahead inc hosp,quantile,0.25,3249,COVID-19
DE,80+,2022-04-06,2022-03-09,-28 day ahead inc hosp,quantile,0.5,3249,COVID-19
DE,80+,2022-04-06,2022-03-09,-28 day ahead inc hosp,quantile,0.75,3249,COVID-19
DE,80+,2022-04-06,2022-03-09,-28 day ahead inc hosp,quantile,0.9,3249,COVID-19
DE,80+,2022-04-06,2022-03-09,-28 day ahead inc hosp,quantile,0.975,3249,COVID-19
DE,80+,2022-04-06,2022-03-10,-27 day ahead inc hosp,mean,NA,3331,COVID-19
DE,80+,2022-04-06,2022-03-10,-27 day ahead inc hosp,quantile,0.025,3331,COVID-19
DE,80+,2022-04-06,2022-03-10,-27 day ahead inc hosp,quantile,0.1,3331,COVID-19
DE,80+,2022-04-06,2022-03-10,-27 day ahead inc hosp,quantile,0.25,3331,COVID-19
DE,80+,2022-04-06,2022-03-10,-27 day ahead inc hosp,quantile,0.5,3331,COVID-19
DE,80+,2022-04-06,2022-03-10,-27 day ahead inc hosp,quantile,0.75,3331,COVID-19
DE,80+,2022-04-06,2022-03-10,-27 day ahead inc hosp,quantile,0.9,3331,COVID-19
DE,80+,2022-04-06,2022-03-10,-27 day ahead inc hosp,quantile,0.975,3331,COVID-19
DE,80+,2022-04-06,2022-03-11,-26 day ahead inc hosp,mean,NA,3442,COVID-19
DE,80+,2022-04-06,2022-03-11,-26 day ahead inc hosp,quantile,0.025,3442,COVID-19
DE,80+,2022-04-06,2022-03-11,-26 day ahead inc hosp,quantile,0.1,3442,COVID-19
DE,80+,2022-04-06,2022-03-11,-26 day ahead inc hosp,quantile,0.25,3442,COVID-19
DE,80+,2022-04-06,2022-03-11,-26 day ahead inc hosp,quantile,0.5,3442,COVID-19
DE,80+,2022-04-06,2022-03-11,-26 day ahead inc hosp,quantile,0.75,3442,COVID-19
DE,80+,2022-04-06,2022-03-11,-26 day ahead inc hosp,quantile,0.9,3442,COVID-19
DE,80+,2022-04-06,2022-03-11,-26 day ahead inc hosp,quantile,0.975,3442,COVID-19
DE,80+,2022-04-06,2022-03-12,-25 day ahead inc hosp,mean,NA,3571,COVID-19
DE,80+,2022-04-06,2022-03-12,-25 day ahead inc hosp,quantile,0.025,3571,COVID-19
DE,80+,2022-04-06,2022-03-12,-25 day ahead inc hosp,quantile,0.1,3571,COVID-19
DE,80+,2022-04-06,2022-03-12,-25 day ahead inc hosp,quantile,0.25,3571,COVID-19
DE,80+,2022-04-06,2022-03-12,-25 day ahead inc hosp,quantile,0.5,3571,COVID-19
DE,80+,2022-04-06,2022-03-12,-25 day ahead inc hosp,quantile,0.75,3571,COVID-19
DE,80+,2022-04-06,2022-03-12,-25 day ahead inc hosp,quantile,0.9,3571,COVID-19
DE,80+,2022-04-06,2022-03-12,-25 day ahead inc hosp,quantile,0.975,3571,COVID-19
DE,80+,2022-04-06,2022-03-13,-24 day ahead inc hosp,mean,NA,3608,COVID-19
DE,80+,2022-04-06,2022-03-13,-24 day ahead inc hosp,quantile,0.025,3608,COVID-19
DE,80+,2022-04-06,2022-03-13,-24 day ahead inc hosp,quantile,0.1,3608,COVID-19
DE,80+,2022-04-06,2022-03-13,-24 day ahead inc hosp,quantile,0.25,3608,COVID-19
DE,80+,2022-04-06,2022-03-13,-24 day ahead inc hosp,quantile,0.5,3608,COVID-19
DE,80+,2022-04-06,2022-03-13,-24 day ahead inc hosp,quantile,0.75,3608,COVID-19
DE,80+,2022-04-06,2022-03-13,-24 day ahead inc hosp,quantile,0.9,3608,COVID-19
DE,80+,2022-04-06,2022-03-13,-24 day ahead inc hosp,quantile,0.975,3608,COVID-19
DE,80+,2022-04-06,2022-03-14,-23 day ahead inc hosp,mean,NA,3662,COVID-19
DE,80+,2022-04-06,2022-03-14,-23 day ahead inc hosp,quantile,0.025,3662,COVID-19
DE,80+,2022-04-06,2022-03-14,-23 day ahead inc hosp,quantile,0.1,3662,COVID-19
DE,80+,2022-04-06,2022-03-14,-23 day ahead inc hosp,quantile,0.25,3662,COVID-19
DE,80+,2022-04-06,2022-03-14,-23 day ahead inc hosp,quantile,0.5,3662,COVID-19
DE,80+,2022-04-06,2022-03-14,-23 day ahead inc hosp,quantile,0.75,3662,COVID-19
DE,80+,2022-04-06,2022-03-14,-23 day ahead inc hosp,quantile,0.9,3662,COVID-19
DE,80+,2022-04-06,2022-03-14,-23 day ahead inc hosp,quantile,0.975,3662,COVID-19
DE,80+,2022-04-06,2022-03-15,-22 day ahead inc hosp,mean,NA,3754,COVID-19
DE,80+,2022-04-06,2022-03-15,-22 day ahead inc hosp,quantile,0.025,3754,COVID-19
DE,80+,2022-04-06,2022-03-15,-22 day ahead inc hosp,quantile,0.1,3754,COVID-19
DE,80+,2022-04-06,2022-03-15,-22 day ahead inc hosp,quantile,0.25,3754,COVID-19
DE,80+,2022-04-06,2022-03-15,-22 day ahead inc hosp,quantile,0.5,3754,COVID-19
DE,80+,2022-04-06,2022-03-15,-22 day ahead inc hosp,quantile,0.75,3754,COVID-19
DE,80+,2022-04-06,2022-03-15,-22 day ahead inc hosp,quantile,0.9,3754,COVID-19
DE,80+,2022-04-06,2022-03-15,-22 day ahead inc hosp,quantile,0.975,3754,COVID-19
DE,80+,2022-04-06,2022-03-16,-21 day ahead inc hosp,mean,NA,3822,COVID-19
DE,80+,2022-04-06,2022-03-16,-21 day ahead inc hosp,quantile,0.025,3822,COVID-19
DE,80+,2022-04-06,2022-03-16,-21 day ahead inc hosp,quantile,0.1,3822,COVID-19
DE,80+,2022-04-06,2022-03-16,-21 day ahead inc hosp,quantile,0.25,3822,COVID-19
DE,80+,2022-04-06,2022-03-16,-21 day ahead inc hosp,quantile,0.5,3822,COVID-19
DE,80+,2022-04-06,2022-03-16,-21 day ahead inc hosp,quantile,0.75,3822,COVID-19
DE,80+,2022-04-06,2022-03-16,-21 day ahead inc hosp,quantile,0.9,3822,COVID-19
DE,80+,2022-04-06,2022-03-16,-21 day ahead inc hosp,quantile,0.975,3822,COVID-19
DE,80+,2022-04-06,2022-03-17,-20 day ahead inc hosp,mean,NA,3888,COVID-19
DE,80+,2022-04-06,2022-03-17,-20 day ahead inc hosp,quantile,0.025,3888,COVID-19
DE,80+,2022-04-06,2022-03-17,-20 day ahead inc hosp,quantile,0.1,3888,COVID-19
DE,80+,2022-04-06,2022-03-17,-20 day ahead inc hosp,quantile,0.25,3888,COVID-19
DE,80+,2022-04-06,2022-03-17,-20 day ahead inc hosp,quantile,0.5,3888,COVID-19
DE,80+,2022-04-06,2022-03-17,-20 day ahead inc hosp,quantile,0.75,3888,COVID-19
DE,80+,2022-04-06,2022-03-17,-20 day ahead inc hosp,quantile,0.9,3888,COVID-19
DE,80+,2022-04-06,2022-03-17,-20 day ahead inc hosp,quantile,0.975,3888,COVID-19
DE,80+,2022-04-06,2022-03-18,-19 day ahead inc hosp,mean,NA,3897,COVID-19
DE,80+,2022-04-06,2022-03-18,-19 day ahead inc hosp,quantile,0.025,3897,COVID-19
DE,80+,2022-04-06,2022-03-18,-19 day ahead inc hosp,quantile,0.1,3897,COVID-19
DE,80+,2022-04-06,2022-03-18,-19 day ahead inc hosp,quantile,0.25,3897,COVID-19
DE,80+,2022-04-06,2022-03-18,-19 day ahead inc hosp,quantile,0.5,3897,COVID-19
DE,80+,2022-04-06,2022-03-18,-19 day ahead inc hosp,quantile,0.75,3897,COVID-19
DE,80+,2022-04-06,2022-03-18,-19 day ahead inc hosp,quantile,0.9,3897,COVID-19
DE,80+,2022-04-06,2022-03-18,-19 day ahead inc hosp,quantile,0.975,3897,COVID-19
DE,80+,2022-04-06,2022-03-19,-18 day ahead inc hosp,mean,NA,3913,COVID-19
DE,80+,2022-04-06,2022-03-19,-18 day ahead inc hosp,quantile,0.025,3913,COVID-19
DE,80+,2022-04-06,2022-03-19,-18 day ahead inc hosp,quantile,0.1,3913,COVID-19
DE,80+,2022-04-06,2022-03-19,-18 day ahead inc hosp,quantile,0.25,3913,COVID-19
DE,80+,2022-04-06,2022-03-19,-18 day ahead inc hosp,quantile,0.5,3913,COVID-19
DE,80+,2022-04-06,2022-03-19,-18 day ahead inc hosp,quantile,0.75,3913,COVID-19
DE,80+,2022-04-06,2022-03-19,-18 day ahead inc hosp,quantile,0.9,3913,COVID-19
DE,80+,2022-04-06,2022-03-19,-18 day ahead inc hosp,quantile,0.975,3913,COVID-19
DE,80+,2022-04-06,2022-03-20,-17 day ahead inc hosp,mean,NA,3890,COVID-19
DE,80+,2022-04-06,2022-03-20,-17 day ahead inc hosp,quantile,0.025,3890,COVID-19
DE,80+,2022-04-06,2022-03-20,-17 day ahead inc hosp,quantile,0.1,3890,COVID-19
DE,80+,2022-04-06,2022-03-20,-17 day ahead inc hosp,quantile,0.25,3890,COVID-19
DE,80+,2022-04-06,2022-03-20,-17 day ahead inc hosp,quantile,0.5,3890,COVID-19
DE,80+,2022-04-06,2022-03-20,-17 day ahead inc hosp,quantile,0.75,3890,COVID-19
DE,80+,2022-04-06,2022-03-20,-17 day ahead inc hosp,quantile,0.9,3890,COVID-19
DE,80+,2022-04-06,2022-03-20,-17 day ahead inc hosp,quantile,0.975,3890,COVID-19
DE,80+,2022-04-06,2022-03-21,-16 day ahead inc hosp,mean,NA,3843,COVID-19
DE,80+,2022-04-06,2022-03-21,-16 day ahead inc hosp,quantile,0.025,3843,COVID-19
DE,80+,2022-04-06,2022-03-21,-16 day ahead inc hosp,quantile,0.1,3843,COVID-19
DE,80+,2022-04-06,2022-03-21,-16 day ahead inc hosp,quantile,0.25,3843,COVID-19
DE,80+,2022-04-06,2022-03-21,-16 day ahead inc hosp,quantile,0.5,3843,COVID-19
DE,80+,2022-04-06,2022-03-21,-16 day ahead inc hosp,quantile,0.75,3843,COVID-19
DE,80+,2022-04-06,2022-03-21,-16 day ahead inc hosp,quantile,0.9,3843,COVID-19
DE,80+,2022-04-06,2022-03-21,-16 day ahead inc hosp,quantile,0.975,3843,COVID-19
DE,80+,2022-04-06,2022-03-22,-15 day ahead inc hosp,mean,NA,3844,COVID-19
DE,80+,2022-04-06,2022-03-22,-15 day ahead inc hosp,quantile,0.025,3844,COVID-19
DE,80+,2022-04-06,2022-03-22,-15 day ahead inc hosp,quantile,0.1,3844,COVID-19
DE,80+,2022-04-06,2022-03-22,-15 day ahead inc hosp,quantile,0.25,3844,COVID-19
DE,80+,2022-04-06,2022-03-22,-15 day ahead inc hosp,quantile,0.5,3844,COVID-19
DE,80+,2022-04-06,2022-03-22,-15 day ahead inc hosp,quantile,0.75,3844,COVID-19
DE,80+,2022-04-06,2022-03-22,-15 day ahead inc hosp,quantile,0.9,3844,COVID-19
DE,80+,2022-04-06,2022-03-22,-15 day ahead inc hosp,quantile,0.975,3844,COVID-19
DE,80+,2022-04-06,2022-03-23,-14 day ahead inc hosp,mean,NA,3852,COVID-19
DE,80+,2022-04-06,2022-03-23,-14 day ahead inc hosp,quantile,0.025,3852,COVID-19
DE,80+,2022-04-06,2022-03-23,-14 day ahead inc hosp,quantile,0.1,3852,COVID-19
DE,80+,2022-04-06,2022-03-23,-14 day ahead inc hosp,quantile,0.25,3852,COVID-19
DE,80+,2022-04-06,2022-03-23,-14 day ahead inc hosp,quantile,0.5,3852,COVID-19
DE,80+,2022-04-06,2022-03-23,-14 day ahead inc hosp,quantile,0.75,3852,COVID-19
DE,80+,2022-04-06,2022-03-23,-14 day ahead inc hosp,quantile,0.9,3852,COVID-19
DE,80+,2022-04-06,2022-03-23,-14 day ahead inc hosp,quantile,0.975,3852,COVID-19
DE,80+,2022-04-06,2022-03-24,-13 day ahead inc hosp,mean,NA,3744,COVID-19
DE,80+,2022-04-06,2022-03-24,-13 day ahead inc hosp,quantile,0.025,3744,COVID-19
DE,80+,2022-04-06,2022-03-24,-13 day ahead inc hosp,quantile,0.1,3744,COVID-19
DE,80+,2022-04-06,2022-03-24,-13 day ahead inc hosp,quantile,0.25,3744,COVID-19
DE,80+,2022-04-06,2022-03-24,-13 day ahead inc hosp,quantile,0.5,3744,COVID-19
DE,80+,2022-04-06,2022-03-24,-13 day ahead inc hosp,quantile,0.75,3744,COVID-19
DE,80+,2022-04-06,2022-03-24,-13 day ahead inc hosp,quantile,0.9,3744,COVID-19
DE,80+,2022-04-06,2022-03-24,-13 day ahead inc hosp,quantile,0.975,3744,COVID-19
DE,80+,2022-04-06,2022-03-25,-12 day ahead inc hosp,mean,NA,3633,COVID-19
DE,80+,2022-04-06,2022-03-25,-12 day ahead inc hosp,quantile,0.025,3633,COVID-19
DE,80+,2022-04-06,2022-03-25,-12 day ahead inc hosp,quantile,0.1,3633,COVID-19
DE,80+,2022-04-06,2022-03-25,-12 day ahead inc hosp,quantile,0.25,3633,COVID-19
DE,80+,2022-04-06,2022-03-25,-12 day ahead inc hosp,quantile,0.5,3633,COVID-19
DE,80+,2022-04-06,2022-03-25,-12 day ahead inc hosp,quantile,0.75,3633,COVID-19
DE,80+,2022-04-06,2022-03-25,-12 day ahead inc hosp,quantile,0.9,3633,COVID-19
DE,80+,2022-04-06,2022-03-25,-12 day ahead inc hosp,quantile,0.975,3633,COVID-19
DE,80+,2022-04-06,2022-03-26,-11 day ahead inc hosp,mean,NA,3546,COVID-19
DE,80+,2022-04-06,2022-03-26,-11 day ahead inc hosp,quantile,0.025,3546,COVID-19
DE,80+,2022-04-06,2022-03-26,-11 day ahead inc hosp,quantile,0.1,3546,COVID-19
DE,80+,2022-04-06,2022-03-26,-11 day ahead inc hosp,quantile,0.25,3546,COVID-19
DE,80+,2022-04-06,2022-03-26,-11 day ahead inc hosp,quantile,0.5,3546,COVID-19
DE,80+,2022-04-06,2022-03-26,-11 day ahead inc hosp,quantile,0.75,3546,COVID-19
DE,80+,2022-04-06,2022-03-26,-11 day ahead inc hosp,quantile,0.9,3546,COVID-19
DE,80+,2022-04-06,2022-03-26,-11 day ahead inc hosp,quantile,0.975,3546,COVID-19
DE,80+,2022-04-06,2022-03-27,-10 day ahead inc hosp,mean,NA,3514,COVID-19
DE,80+,2022-04-06,2022-03-27,-10 day ahead inc hosp,quantile,0.025,3514,COVID-19
DE,80+,2022-04-06,2022-03-27,-10 day ahead inc hosp,quantile,0.1,3514,COVID-19
DE,80+,2022-04-06,2022-03-27,-10 day ahead inc hosp,quantile,0.25,3514,COVID-19
DE,80+,2022-04-06,2022-03-27,-10 day ahead inc hosp,quantile,0.5,3514,COVID-19
DE,80+,2022-04-06,2022-03-27,-10 day ahead inc hosp,quantile,0.75,3514,COVID-19
DE,80+,2022-04-06,2022-03-27,-10 day ahead inc hosp,quantile,0.9,3514,COVID-19
DE,80+,2022-04-06,2022-03-27,-10 day ahead inc hosp,quantile,0.975,3514,COVID-19
DE,80+,2022-04-06,2022-03-28,-9 day ahead inc hosp,mean,NA,3497,COVID-19
DE,80+,2022-04-06,2022-03-28,-9 day ahead inc hosp,quantile,0.025,3497,COVID-19
DE,80+,2022-04-06,2022-03-28,-9 day ahead inc hosp,quantile,0.1,3497,COVID-19
DE,80+,2022-04-06,2022-03-28,-9 day ahead inc hosp,quantile,0.25,3497,COVID-19
DE,80+,2022-04-06,2022-03-28,-9 day ahead inc hosp,quantile,0.5,3497,COVID-19
DE,80+,2022-04-06,2022-03-28,-9 day ahead inc hosp,quantile,0.75,3497,COVID-19
DE,80+,2022-04-06,2022-03-28,-9 day ahead inc hosp,quantile,0.9,3497,COVID-19
DE,80+,2022-04-06,2022-03-28,-9 day ahead inc hosp,quantile,0.975,3497,COVID-19
DE,80+,2022-04-06,2022-03-29,-8 day ahead inc hosp,mean,NA,3438,COVID-19
DE,80+,2022-04-06,2022-03-29,-8 day ahead inc hosp,quantile,0.025,3438,COVID-19
DE,80+,2022-04-06,2022-03-29,-8 day ahead inc hosp,quantile,0.1,3438,COVID-19
DE,80+,2022-04-06,2022-03-29,-8 day ahead inc hosp,quantile,0.25,3438,COVID-19
DE,80+,2022-04-06,2022-03-29,-8 day ahead inc hosp,quantile,0.5,3438,COVID-19
DE,80+,2022-04-06,2022-03-29,-8 day ahead inc hosp,quantile,0.75,3438,COVID-19
DE,80+,2022-04-06,2022-03-29,-8 day ahead inc hosp,quantile,0.9,3438,COVID-19
DE,80+,2022-04-06,2022-03-29,-8 day ahead inc hosp,quantile,0.975,3438,COVID-19
DE,80+,2022-04-06,2022-03-30,-7 day ahead inc hosp,mean,NA,3294,COVID-19
DE,80+,2022-04-06,2022-03-30,-7 day ahead inc hosp,quantile,0.025,3294,COVID-19
DE,80+,2022-04-06,2022-03-30,-7 day ahead inc hosp,quantile,0.1,3294,COVID-19
DE,80+,2022-04-06,2022-03-30,-7 day ahead inc hosp,quantile,0.25,3294,COVID-19
DE,80+,2022-04-06,2022-03-30,-7 day ahead inc hosp,quantile,0.5,3294,COVID-19
DE,80+,2022-04-06,2022-03-30,-7 day ahead inc hosp,quantile,0.75,3294,COVID-19
DE,80+,2022-04-06,2022-03-30,-7 day ahead inc hosp,quantile,0.9,3294,COVID-19
DE,80+,2022-04-06,2022-03-30,-7 day ahead inc hosp,quantile,0.975,3294,COVID-19
DE,80+,2022-04-06,2022-03-31,-6 day ahead inc hosp,mean,NA,3172,COVID-19
DE,80+,2022-04-06,2022-03-31,-6 day ahead inc hosp,quantile,0.025,3172,COVID-19
DE,80+,2022-04-06,2022-03-31,-6 day ahead inc hosp,quantile,0.1,3172,COVID-19
DE,80+,2022-04-06,2022-03-31,-6 day ahead inc hosp,quantile,0.25,3172,COVID-19
DE,80+,2022-04-06,2022-03-31,-6 day ahead inc hosp,quantile,0.5,3172,COVID-19
DE,80+,2022-04-06,2022-03-31,-6 day ahead inc hosp,quantile,0.75,3172,COVID-19
DE,80+,2022-04-06,2022-03-31,-6 day ahead inc hosp,quantile,0.9,3172,COVID-19
DE,80+,2022-04-06,2022-03-31,-6 day ahead inc hosp,quantile,0.975,3172,COVID-19
DE,80+,2022-04-06,2022-04-01,-5 day ahead inc hosp,mean,NA,3016,COVID-19
DE,80+,2022-04-06,2022-04-01,-5 day ahead inc hosp,quantile,0.025,3016,COVID-19
DE,80+,2022-04-06,2022-04-01,-5 day ahead inc hosp,quantile,0.1,3016,COVID-19
DE,80+,2022-04-06,2022-04-01,-5 day ahead inc hosp,quantile,0.25,3016,COVID-19
DE,80+,2022-04-06,2022-04-01,-5 day ahead inc hosp,quantile,0.5,3016,COVID-19
DE,80+,2022-04-06,2022-04-01,-5 day ahead inc hosp,quantile,0.75,3016,COVID-19
DE,80+,2022-04-06,2022-04-01,-5 day ahead inc hosp,quantile,0.9,3016,COVID-19
DE,80+,2022-04-06,2022-04-01,-5 day ahead inc hosp,quantile,0.975,3016,COVID-19
DE,80+,2022-04-06,2022-04-02,-4 day ahead inc hosp,mean,NA,2791,COVID-19
DE,80+,2022-04-06,2022-04-02,-4 day ahead inc hosp,quantile,0.025,2791,COVID-19
DE,80+,2022-04-06,2022-04-02,-4 day ahead inc hosp,quantile,0.1,2791,COVID-19
DE,80+,2022-04-06,2022-04-02,-4 day ahead inc hosp,quantile,0.25,2791,COVID-19
DE,80+,2022-04-06,2022-04-02,-4 day ahead inc hosp,quantile,0.5,2791,COVID-19
DE,80+,2022-04-06,2022-04-02,-4 day ahead inc hosp,quantile,0.75,2791,COVID-19
DE,80+,2022-04-06,2022-04-02,-4 day ahead inc hosp,quantile,0.9,2791,COVID-19
DE,80+,2022-04-06,2022-04-02,-4 day ahead inc hosp,quantile,0.975,2791,COVID-19
DE,80+,2022-04-06,2022-04-03,-3 day ahead inc hosp,mean,NA,2669,COVID-19
DE,80+,2022-04-06,2022-04-03,-3 day ahead inc hosp,quantile,0.025,2669,COVID-19
DE,80+,2022-04-06,2022-04-03,-3 day ahead inc hosp,quantile,0.1,2669,COVID-19
DE,80+,2022-04-06,2022-04-03,-3 day ahead inc hosp,quantile,0.25,2669,COVID-19
DE,80+,2022-04-06,2022-04-03,-3 day ahead inc hosp,quantile,0.5,2669,COVID-19
DE,80+,2022-04-06,2022-04-03,-3 day ahead inc hosp,quantile,0.75,2669,COVID-19
DE,80+,2022-04-06,2022-04-03,-3 day ahead inc hosp,quantile,0.9,2669,COVID-19
DE,80+,2022-04-06,2022-04-03,-3 day ahead inc hosp,quantile,0.975,2669,COVID-19
DE,80+,2022-04-06,2022-04-04,-2 day ahead inc hosp,mean,NA,2578,COVID-19
DE,80+,2022-04-06,2022-04-04,-2 day ahead inc hosp,quantile,0.025,2578,COVID-19
DE,80+,2022-04-06,2022-04-04,-2 day ahead inc hosp,quantile,0.1,2578,COVID-19
DE,80+,2022-04-06,2022-04-04,-2 day ahead inc hosp,quantile,0.25,2578,COVID-19
DE,80+,2022-04-06,2022-04-04,-2 day ahead inc hosp,quantile,0.5,2578,COVID-19
DE,80+,2022-04-06,2022-04-04,-2 day ahead inc hosp,quantile,0.75,2578,COVID-19
DE,80+,2022-04-06,2022-04-04,-2 day ahead inc hosp,quantile,0.9,2578,COVID-19
DE,80+,2022-04-06,2022-04-04,-2 day ahead inc hosp,quantile,0.975,2578,COVID-19
DE,80+,2022-04-06,2022-04-05,-1 day ahead inc hosp,mean,NA,2355,COVID-19
DE,80+,2022-04-06,2022-04-05,-1 day ahead inc hosp,quantile,0.025,2355,COVID-19
DE,80+,2022-04-06,2022-04-05,-1 day ahead inc hosp,quantile,0.1,2355,COVID-19
DE,80+,2022-04-06,2022-04-05,-1 day ahead inc hosp,quantile,0.25,2355,COVID-19
DE,80+,2022-04-06,2022-04-05,-1 day ahead inc hosp,quantile,0.5,2355,COVID-19
DE,80+,2022-04-06,2022-04-05,-1 day ahead inc hosp,quantile,0.75,2355,COVID-19
DE,80+,2022-04-06,2022-04-05,-1 day ahead inc hosp,quantile,0.9,2355,COVID-19
DE,80+,2022-04-06,2022-04-05,-1 day ahead inc hosp,quantile,0.975,2355,COVID-19
DE,80+,2022-04-06,2022-04-06,0 day ahead inc hosp,mean,NA,1948,COVID-19
DE,80+,2022-04-06,2022-04-06,0 day ahead inc hosp,quantile,0.025,1948,COVID-19
DE,80+,2022-04-06,2022-04-06,0 day ahead inc hosp,quantile,0.1,1948,COVID-19
DE,80+,2022-04-06,2022-04-06,0 day ahead inc hosp,quantile,0.25,1948,COVID-19
DE,80+,2022-04-06,2022-04-06,0 day ahead inc hosp,quantile,0.5,1948,COVID-19
DE,80+,2022-04-06,2022-04-06,0 day ahead inc hosp,quantile,0.75,1948,COVID-19
DE,80+,2022-04-06,2022-04-06,0 day ahead inc hosp,quantile,0.9,1948,COVID-19
DE,80+,2022-04-06,2022-04-06,0 day ahead inc hosp,quantile,0.975,1948,COVID-19
DE-BB,00+,2022-04-06,2022-03-09,-28 day ahead inc hosp,mean,NA,286,COVID-19
DE-BB,00+,2022-04-06,2022-03-09,-28 day ahead inc hosp,quantile,0.025,286,COVID-19
DE-BB,00+,2022-04-06,2022-03-09,-28 day ahead inc hosp,quantile,0.1,286,COVID-19
DE-BB,00+,2022-04-06,2022-03-09,-28 day ahead inc hosp,quantile,0.25,286,COVID-19
DE-BB,00+,2022-04-06,2022-03-09,-28 day ahead inc hosp,quantile,0.5,286,COVID-19
DE-BB,00+,2022-04-06,2022-03-09,-28 day ahead inc hosp,quantile,0.75,286,COVID-19
DE-BB,00+,2022-04-06,2022-03-09,-28 day ahead inc hosp,quantile,0.9,286,COVID-19
DE-BB,00+,2022-04-06,2022-03-09,-28 day ahead inc hosp,quantile,0.975,286,COVID-19
DE-BB,00+,2022-04-06,2022-03-10,-27 day ahead inc hosp,mean,NA,269,COVID-19
DE-BB,00+,2022-04-06,2022-03-10,-27 day ahead inc hosp,quantile,0.025,269,COVID-19
DE-BB,00+,2022-04-06,2022-03-10,-27 day ahead inc hosp,quantile,0.1,269,COVID-19
DE-BB,00+,2022-04-06,2022-03-10,-27 day ahead inc hosp,quantile,0.25,269,COVID-19
DE-BB,00+,2022-04-06,2022-03-10,-27 day ahead inc hosp,quantile,0.5,269,COVID-19
DE-BB,00+,2022-04-06,2022-03-10,-27 day ahead inc hosp,quantile,0.75,269,COVID-19
DE-BB,00+,2022-04-06,2022-03-10,-27 day ahead inc hosp,quantile,0.9,269,COVID-19
DE-BB,00+,2022-04-06,2022-03-10,-27 day ahead inc hosp,quantile,0.975,269,COVID-19
DE-BB,00+,2022-04-06,2022-03-11,-26 day ahead inc hosp,mean,NA,257,COVID-19
DE-BB,00+,2022-04-06,2022-03-11,-26 day ahead inc hosp,quantile,0.025,257,COVID-19
DE-BB,00+,2022-04-06,2022-03-11,-26 day ahead inc hosp,quantile,0.1,257,COVID-19
DE-BB,00+,2022-04-06,2022-03-11,-26 day ahead inc hosp,quantile,0.25,257,COVID-19
DE-BB,00+,2022-04-06,2022-03-11,-26 day ahead inc hosp,quantile,0.5,257,COVID-19
DE-BB,00+,2022-04-06,2022-03-11,-26 day ahead inc hosp,quantile,0.75,257,COVID-19
DE-BB,00+,2022-04-06,2022-03-11,-26 day ahead inc hosp,quantile,0.9,257,COVID-19
DE-BB,00+,2022-04-06,2022-03-11,-26 day ahead inc hosp,quantile,0.975,257,COVID-19
DE-BB,00+,2022-04-06,2022-03-12,-25 day ahead inc hosp,mean,NA,263,COVID-19
DE-BB,00+,2022-04-06,2022-03-12,-25 day ahead inc hosp,quantile,0.025,263,COVID-19
DE-BB,00+,2022-04-06,2022-03-12,-25 day ahead inc hosp,quantile,0.1,263,COVID-19
DE-BB,00+,2022-04-06,2022-03-12,-25 day ahead inc hosp,quantile,0.25,263,COVID-19
DE-BB,00+,2022-04-06,2022-03-12,-25 day ahead inc hosp,quantile,0.5,263,COVID-19
DE-BB,00+,2022-04-06,2022-03-12,-25 day ahead inc hosp,quantile,0.75,263,COVID-19
DE-BB,00+,2022-04-06,2022-03-12,-25 day ahead inc hosp,quantile,0.9,263,COVID-19
DE-BB,00+,2022-04-06,2022-03-12,-25 day ahead inc hosp,quantile,0.975,263,COVID-19
DE-BB,00+,2022-04-06,2022-03-13,-24 day ahead inc hosp,mean,NA,265,COVID-19
DE-BB,00+,2022-04-06,2022-03-13,-24 day ahead inc hosp,quantile,0.025,265,COVID-19
DE-BB,00+,2022-04-06,2022-03-13,-24 day ahead inc hosp,quantile,0.1,265,COVID-19
DE-BB,00+,2022-04-06,2022-03-13,-24 day ahead inc hosp,quantile,0.25,265,COVID-19
DE-BB,00+,2022-04-06,2022-03-13,-24 day ahead inc hosp,quantile,0.5,265,COVID-19
DE-BB,00+,2022-04-06,2022-03-13,-24 day ahead inc hosp,quantile,0.75,265,COVID-19
DE-BB,00+,2022-04-06,2022-03-13,-24 day ahead inc hosp,quantile,0.9,265,COVID-19
DE-BB,00+,2022-04-06,2022-03-13,-24 day ahead inc hosp,quantile,0.975,265,COVID-19
DE-BB,00+,2022-04-06,2022-03-14,-23 day ahead inc hosp,mean,NA,264,COVID-19
DE-BB,00+,2022-04-06,2022-03-14,-23 day ahead inc hosp,quantile,0.025,264,COVID-19
DE-BB,00+,2022-04-06,2022-03-14,-23 day ahead inc hosp,quantile,0.1,264,COVID-19
DE-BB,00+,2022-04-06,2022-03-14,-23 day ahead inc hosp,quantile,0.25,264,COVID-19
DE-BB,00+,2022-04-06,2022-03-14,-23 day ahead inc hosp,quantile,0.5,264,COVID-19
DE-BB,00+,2022-04-06,2022-03-14,-23 day ahead inc hosp,quantile,0.75,264,COVID-19
DE-BB,00+,2022-04-06,2022-03-14,-23 day ahead inc hosp,quantile,0.9,264,COVID-19
DE-BB,00+,2022-04-06,2022-03-14,-23 day ahead inc hosp,quantile,0.975,264,COVID-19
DE-BB,00+,2022-04-06,2022-03-15,-22 day ahead inc hosp,mean,NA,278,COVID-19
DE-BB,00+,2022-04-06,2022-03-15,-22 day ahead inc hosp,quantile,0.025,278,COVID-19
DE-BB,00+,2022-04-06,2022-03-15,-22 day ahead inc hosp,quantile,0.1,278,COVID-19
DE-BB,00+,2022-04-06,2022-03-15,-22 day ahead inc hosp,quantile,0.25,278,COVID-19
DE-BB,00+,2022-04-06,2022-03-15,-22 day ahead inc hosp,quantile,0.5,278,COVID-19
DE-BB,00+,2022-04-06,2022-03-15,-22 day ahead inc hosp,quantile,0.75,278,COVID-19
DE-BB,00+,2022-04-06,2022-03-15,-22 day ahead inc hosp,quantile,0.9,278,COVID-19
DE-BB,00+,2022-04-06,2022-03-15,-22 day ahead inc hosp,quantile,0.975,278,COVID-19
DE-BB,00+,2022-04-06,2022-03-16,-21 day ahead inc hosp,mean,NA,242,COVID-19
DE-BB,00+,2022-04-06,2022-03-16,-21 day ahead inc hosp,quantile,0.025,242,COVID-19
DE-BB,00+,2022-04-06,2022-03-16,-21 day ahead inc hosp,quantile,0.1,242,COVID-19
DE-BB,00+,2022-04-06,2022-03-16,-21 day ahead inc hosp,quantile,0.25,242,COVID-19
DE-BB,00+,2022-04-06,2022-03-16,-21 day ahead inc hosp,quantile,0.5,242,COVID-19
DE-BB,00+,2022-04-06,2022-03-16,-21 day ahead inc hosp,quantile,0.75,242,COVID-19
DE-BB,00+,2022-04-06,2022-03-16,-21 day ahead inc hosp,quantile,0.9,242,COVID-19
DE-BB,00+,2022-04-06,2022-03-16,-21 day ahead inc hosp,quantile,0.975,242,COVID-19
DE-BB,00+,2022-04-06,2022-03-17,-20 day ahead inc hosp,mean,NA,250,COVID-19
DE-BB,00+,2022-04-06,2022-03-17,-20 day ahead inc hosp,quantile,0.025,250,COVID-19
DE-BB,00+,2022-04-06,2022-03-17,-20 day ahead inc hosp,quantile,0.1,250,COVID-19
DE-BB,00+,2022-04-06,2022-03-17,-20 day ahead inc hosp,quantile,0.25,250,COVID-19
DE-BB,00+,2022-04-06,2022-03-17,-20 day ahead inc hosp,quantile,0.5,250,COVID-19
DE-BB,00+,2022-04-06,2022-03-17,-20 day ahead inc hosp,quantile,0.75,250,COVID-19
DE-BB,00+,2022-04-06,2022-03-17,-20 day ahead inc hosp,quantile,0.9,250,COVID-19
DE-BB,00+,2022-04-06,2022-03-17,-20 day ahead inc hosp,quantile,0.975,250,COVID-19
DE-BB,00+,2022-04-06,2022-03-18,-19 day ahead inc hosp,mean,NA,258,COVID-19
DE-BB,00+,2022-04-06,2022-03-18,-19 day ahead inc hosp,quantile,0.025,258,COVID-19
DE-BB,00+,2022-04-06,2022-03-18,-19 day ahead inc hosp,quantile,0.1,258,COVID-19
DE-BB,00+,2022-04-06,2022-03-18,-19 day ahead inc hosp,quantile,0.25,258,COVID-19
DE-BB,00+,2022-04-06,2022-03-18,-19 day ahead inc hosp,quantile,0.5,258,COVID-19
DE-BB,00+,2022-04-06,2022-03-18,-19 day ahead inc hosp,quantile,0.75,258,COVID-19
DE-BB,00+,2022-04-06,2022-03-18,-19 day ahead inc hosp,quantile,0.9,258,COVID-19
DE-BB,00+,2022-04-06,2022-03-18,-19 day ahead inc hosp,quantile,0.975,258,COVID-19
DE-BB,00+,2022-04-06,2022-03-19,-18 day ahead inc hosp,mean,NA,248,COVID-19
DE-BB,00+,2022-04-06,2022-03-19,-18 day ahead inc hosp,quantile,0.025,248,COVID-19
DE-BB,00+,2022-04-06,2022-03-19,-18 day ahead inc hosp,quantile,0.1,248,COVID-19
DE-BB,00+,2022-04-06,2022-03-19,-18 day ahead inc hosp,quantile,0.25,248,COVID-19
DE-BB,00+,2022-04-06,2022-03-19,-18 day ahead inc hosp,quantile,0.5,248,COVID-19
DE-BB,00+,2022-04-06,2022-03-19,-18 day ahead inc hosp,quantile,0.75,248,COVID-19
DE-BB,00+,2022-04-06,2022-03-19,-18 day ahead inc hosp,quantile,0.9,248,COVID-19
DE-BB,00+,2022-04-06,2022-03-19,-18 day ahead inc hosp,quantile,0.975,248,COVID-19
DE-BB,00+,2022-04-06,2022-03-20,-17 day ahead inc hosp,mean,NA,252,COVID-19
DE-BB,00+,2022-04-06,2022-03-20,-17 day ahead inc hosp,quantile,0.025,252,COVID-19
DE-BB,00+,2022-04-06,2022-03-20,-17 day ahead inc hosp,quantile,0.1,252,COVID-19
DE-BB,00+,2022-04-06,2022-03-20,-17 day ahead inc hosp,quantile,0.25,252,COVID-19
DE-BB,00+,2022-04-06,2022-03-20,-17 day ahead inc hosp,quantile,0.5,252,COVID-19
DE-BB,00+,2022-04-06,2022-03-20,-17 day ahead inc hosp,quantile,0.75,252,COVID-19
DE-BB,00+,2022-04-06,2022-03-20,-17 day ahead inc hosp,quantile,0.9,252,COVID-19
DE-BB,00+,2022-04-06,2022-03-20,-17 day ahead inc hosp,quantile,0.975,252,COVID-19
DE-BB,00+,2022-04-06,2022-03-21,-16 day ahead inc hosp,mean,NA,246,COVID-19
DE-BB,00+,2022-04-06,2022-03-21,-16 day ahead inc hosp,quantile,0.025,246,COVID-19
DE-BB,00+,2022-04-06,2022-03-21,-16 day ahead inc hosp,quantile,0.1,246,COVID-19
DE-BB,00+,2022-04-06,2022-03-21,-16 day ahead inc hosp,quantile,0.25,246,COVID-19
DE-BB,00+,2022-04-06,2022-03-21,-16 day ahead inc hosp,quantile,0.5,246,COVID-19
DE-BB,00+,2022-04-06,2022-03-21,-16 day ahead inc hosp,quantile,0.75,246,COVID-19
DE-BB,00+,2022-04-06,2022-03-21,-16 day ahead inc hosp,quantile,0.9,246,COVID-19
DE-BB,00+,2022-04-06,2022-03-21,-16 day ahead inc hosp,quantile,0.975,246,COVID-19
DE-BB,00+,2022-04-06,2022-03-22,-15 day ahead inc hosp,mean,NA,245,COVID-19
DE-BB,00+,2022-04-06,2022-03-22,-15 day ahead inc hosp,quantile,0.025,245,COVID-19
DE-BB,00+,2022-04-06,2022-03-22,-15 day ahead inc hosp,quantile,0.1,245,COVID-19
DE-BB,00+,2022-04-06,2022-03-22,-15 day ahead inc hosp,quantile,0.25,245,COVID-19
DE-BB,00+,2022-04-06,2022-03-22,-15 day ahead inc hosp,quantile,0.5,245,COVID-19
DE-BB,00+,2022-04-06,2022-03-22,-15 day ahead inc hosp,quantile,0.75,245,COVID-19
DE-BB,00+,2022-04-06,2022-03-22,-15 day ahead inc hosp,quantile,0.9,245,COVID-19
DE-BB,00+,2022-04-06,2022-03-22,-15 day ahead inc hosp,quantile,0.975,245,COVID-19
DE-BB,00+,2022-04-06,2022-03-23,-14 day ahead inc hosp,mean,NA,244,COVID-19
DE-BB,00+,2022-04-06,2022-03-23,-14 day ahead inc hosp,quantile,0.025,244,COVID-19
DE-BB,00+,2022-04-06,2022-03-23,-14 day ahead inc hosp,quantile,0.1,244,COVID-19
DE-BB,00+,2022-04-06,2022-03-23,-14 day ahead inc hosp,quantile,0.25,244,COVID-19
DE-BB,00+,2022-04-06,2022-03-23,-14 day ahead inc hosp,quantile,0.5,244,COVID-19
DE-BB,00+,2022-04-06,2022-03-23,-14 day ahead inc hosp,quantile,0.75,244,COVID-19
DE-BB,00+,2022-04-06,2022-03-23,-14 day ahead inc hosp,quantile,0.9,244,COVID-19
DE-BB,00+,2022-04-06,2022-03-23,-14 day ahead inc hosp,quantile,0.975,244,COVID-19
DE-BB,00+,2022-04-06,2022-03-24,-13 day ahead inc hosp,mean,NA,243,COVID-19
DE-BB,00+,2022-04-06,2022-03-24,-13 day ahead inc hosp,quantile,0.025,243,COVID-19
DE-BB,00+,2022-04-06,2022-03-24,-13 day ahead inc hosp,quantile,0.1,243,COVID-19
DE-BB,00+,2022-04-06,2022-03-24,-13 day ahead inc hosp,quantile,0.25,243,COVID-19
DE-BB,00+,2022-04-06,2022-03-24,-13 day ahead inc hosp,quantile,0.5,243,COVID-19
DE-BB,00+,2022-04-06,2022-03-24,-13 day ahead inc hosp,quantile,0.75,243,COVID-19
DE-BB,00+,2022-04-06,2022-03-24,-13 day ahead inc hosp,quantile,0.9,243,COVID-19
DE-BB,00+,2022-04-06,2022-03-24,-13 day ahead inc hosp,quantile,0.975,243,COVID-19
DE-BB,00+,2022-04-06,2022-03-25,-12 day ahead inc hosp,mean,NA,236,COVID-19
DE-BB,00+,2022-04-06,2022-03-25,-12 day ahead inc hosp,quantile,0.025,236,COVID-19
DE-BB,00+,2022-04-06,2022-03-25,-12 day ahead inc hosp,quantile,0.1,236,COVID-19
DE-BB,00+,2022-04-06,2022-03-25,-12 day ahead inc hosp,quantile,0.25,236,COVID-19
DE-BB,00+,2022-04-06,2022-03-25,-12 day ahead inc hosp,quantile,0.5,236,COVID-19
DE-BB,00+,2022-04-06,2022-03-25,-12 day ahead inc hosp,quantile,0.75,236,COVID-19
DE-BB,00+,2022-04-06,2022-03-25,-12 day ahead inc hosp,quantile,0.9,236,COVID-19
DE-BB,00+,2022-04-06,2022-03-25,-12 day ahead inc hosp,quantile,0.975,236,COVID-19
DE-BB,00+,2022-04-06,2022-03-26,-11 day ahead inc hosp,mean,NA,251,COVID-19
DE-BB,00+,2022-04-06,2022-03-26,-11 day ahead inc hosp,quantile,0.025,251,COVID-19
DE-BB,00+,2022-04-06,2022-03-26,-11 day ahead inc hosp,quantile,0.1,251,COVID-19
DE-BB,00+,2022-04-06,2022-03-26,-11 day ahead inc hosp,quantile,0.25,251,COVID-19
DE-BB,00+,2022-04-06,2022-03-26,-11 day ahead inc hosp,quantile,0.5,251,COVID-19
DE-BB,00+,2022-04-06,2022-03-26,-11 day ahead inc hosp,quantile,0.75,251,COVID-19
DE-BB,00+,2022-04-06,2022-03-26,-11 day ahead inc hosp,quantile,0.9,251,COVID-19
DE-BB,00+,2022-04-06,2022-03-26,-11 day ahead inc hosp,quantile,0.975,251,COVID-19
DE-BB,00+,2022-04-06,2022-03-27,-10 day ahead inc hosp,mean,NA,235,COVID-19
DE-BB,00+,2022-04-06,2022-03-27,-10 day ahead inc hosp,quantile,0.025,235,COVID-19
DE-BB,00+,2022-04-06,2022-03-27,-10 day ahead inc hosp,quantile,0.1,235,COVID-19
DE-BB,00+,2022-04-06,2022-03-27,-10 day ahead inc hosp,quantile,0.25,235,COVID-19
DE-BB,00+,2022-04-06,2022-03-27,-10 day ahead inc hosp,quantile,0.5,235,COVID-19
DE-BB,00+,2022-04-06,2022-03-27,-10 day ahead inc hosp,quantile,0.75,235,COVID-19
DE-BB,00+,2022-04-06,2022-03-27,-10 day ahead inc hosp,quantile,0.9,235,COVID-19
DE-BB,00+,2022-04-06,2022-03-27,-10 day ahead inc hosp,quantile,0.975,235,COVID-19
DE-BB,00+,2022-04-06,2022-03-28,-9 day ahead inc hosp,mean,NA,234,COVID-19
DE-BB,00+,2022-04-06,2022-03-28,-9 day ahead inc hosp,quantile,0.025,234,COVID-19
DE-BB,00+,2022-04-06,2022-03-28,-9 day ahead inc hosp,quantile,0.1,234,COVID-19
DE-BB,00+,2022-04-06,2022-03-28,-9 day ahead inc hosp,quantile,0.25,234,COVID-19
DE-BB,00+,2022-04-06,2022-03-28,-9 day ahead inc hosp,quantile,0.5,234,COVID-19
DE-BB,00+,2022-04-06,2022-03-28,-9 day ahead inc hosp,quantile,0.75,234,COVID-19
DE-BB,00+,2022-04-06,2022-03-28,-9 day ahead inc hosp,quantile,0.9,234,COVID-19
DE-BB,00+,2022-04-06,2022-03-28,-9 day ahead inc hosp,quantile,0.975,234,COVID-19
DE-BB,00+,2022-04-06,2022-03-29,-8 day ahead inc hosp,mean,NA,241,COVID-19
DE-BB,00+,2022-04-06,2022-03-29,-8 day ahead inc hosp,quantile,0.025,241,COVID-19
DE-BB,00+,2022-04-06,2022-03-29,-8 day ahead inc hosp,quantile,0.1,241,COVID-19
DE-BB,00+,2022-04-06,2022-03-29,-8 day ahead inc hosp,quantile,0.25,241,COVID-19
DE-BB,00+,2022-04-06,2022-03-29,-8 day ahead inc hosp,quantile,0.5,241,COVID-19
DE-BB,00+,2022-04-06,2022-03-29,-8 day ahead inc hosp,quantile,0.75,241,COVID-19
DE-BB,00+,2022-04-06,2022-03-29,-8 day ahead inc hosp,quantile,0.9,241,COVID-19
DE-BB,00+,2022-04-06,2022-03-29,-8 day ahead inc hosp,quantile,0.975,241,COVID-19
DE-BB,00+,2022-04-06,2022-03-30,-7 day ahead inc hosp,mean,NA,250,COVID-19
DE-BB,00+,2022-04-06,2022-03-30,-7 day ahead inc hosp,quantile,0.025,250,COVID-19
DE-BB,00+,2022-04-06,2022-03-30,-7 day ahead inc hosp,quantile,0.1,250,COVID-19
DE-BB,00+,2022-04-06,2022-03-30,-7 day ahead inc hosp,quantile,0.25,250,COVID-19
DE-BB,00+,2022-04-06,2022-03-30,-7 day ahead inc hosp,quantile,0.5,250,COVID-19
DE-BB,00+,2022-04-06,2022-03-30,-7 day ahead inc hosp,quantile,0.75,250,COVID-19
DE-BB,00+,2022-04-06,2022-03-30,-7 day ahead inc hosp,quantile,0.9,250,COVID-19
DE-BB,00+,2022-04-06,2022-03-30,-7 day ahead inc hosp,quantile,0.975,250,COVID-19
DE-BB,00+,2022-04-06,2022-03-31,-6 day ahead inc hosp,mean,NA,227,COVID-19
DE-BB,00+,2022-04-06,2022-03-31,-6 day ahead inc hosp,quantile,0.025,227,COVID-19
DE-BB,00+,2022-04-06,2022-03-31,-6 day ahead inc hosp,quantile,0.1,227,COVID-19
DE-BB,00+,2022-04-06,2022-03-31,-6 day ahead inc hosp,quantile,0.25,227,COVID-19
DE-BB,00+,2022-04-06,2022-03-31,-6 day ahead inc hosp,quantile,0.5,227,COVID-19
DE-BB,00+,2022-04-06,2022-03-31,-6 day ahead inc hosp,quantile,0.75,227,COVID-19
DE-BB,00+,2022-04-06,2022-03-31,-6 day ahead inc hosp,quantile,0.9,227,COVID-19
DE-BB,00+,2022-04-06,2022-03-31,-6 day ahead inc hosp,quantile,0.975,227,COVID-19
DE-BB,00+,2022-04-06,2022-04-01,-5 day ahead inc hosp,mean,NA,219,COVID-19
DE-BB,00+,2022-04-06,2022-04-01,-5 day ahead inc hosp,quantile,0.025,219,COVID-19
DE-BB,00+,2022-04-06,2022-04-01,-5 day ahead inc hosp,quantile,0.1,219,COVID-19
DE-BB,00+,2022-04-06,2022-04-01,-5 day ahead inc hosp,quantile,0.25,219,COVID-19
DE-BB,00+,2022-04-06,2022-04-01,-5 day ahead inc hosp,quantile,0.5,219,COVID-19
DE-BB,00+,2022-04-06,2022-04-01,-5 day ahead inc hosp,quantile,0.75,219,COVID-19
DE-BB,00+,2022-04-06,2022-04-01,-5 day ahead inc hosp,quantile,0.9,219,COVID-19
DE-BB,00+,2022-04-06,2022-04-01,-5 day ahead inc hosp,quantile,0.975,219,COVID-19
DE-BB,00+,2022-04-06,2022-04-02,-4 day ahead inc hosp,mean,NA,193,COVID-19
DE-BB,00+,2022-04-06,2022-04-02,-4 day ahead inc hosp,quantile,0.025,193,COVID-19
DE-BB,00+,2022-04-06,2022-04-02,-4 day ahead inc hosp,quantile,0.1,193,COVID-19
DE-BB,00+,2022-04-06,2022-04-02,-4 day ahead inc hosp,quantile,0.25,193,COVID-19
DE-BB,00+,2022-04-06,2022-04-02,-4 day ahead inc hosp,quantile,0.5,193,COVID-19
DE-BB,00+,2022-04-06,2022-04-02,-4 day ahead inc hosp,quantile,0.75,193,COVID-19
DE-BB,00+,2022-04-06,2022-04-02,-4 day ahead inc hosp,quantile,0.9,193,COVID-19
DE-BB,00+,2022-04-06,2022-04-02,-4 day ahead inc hosp,quantile,0.975,193,COVID-19
DE-BB,00+,2022-04-06,2022-04-03,-3 day ahead inc hosp,mean,NA,196,COVID-19
DE-BB,00+,2022-04-06,2022-04-03,-3 day ahead inc hosp,quantile,0.025,196,COVID-19
DE-BB,00+,2022-04-06,2022-04-03,-3 day ahead inc hosp,quantile,0.1,196,COVID-19
DE-BB,00+,2022-04-06,2022-04-03,-3 day ahead inc hosp,quantile,0.25,196,COVID-19
DE-BB,00+,2022-04-06,2022-04-03,-3 day ahead inc hosp,quantile,0.5,196,COVID-19
DE-BB,00+,2022-04-06,2022-04-03,-3 day ahead inc hosp,quantile,0.75,196,COVID-19
DE-BB,00+,2022-04-06,2022-04-03,-3 day ahead inc hosp,quantile,0.9,196,COVID-19
DE-BB,00+,2022-04-06,2022-04-03,-3 day ahead inc hosp,quantile,0.975,196,COVID-19
DE-BB,00+,2022-04-06,2022-04-04,-2 day ahead inc hosp,mean,NA,202,COVID-19
DE-BB,00+,2022-04-06,2022-04-04,-2 day ahead inc hosp,quantile,0.025,202,COVID-19
DE-BB,00+,2022-04-06,2022-04-04,-2 day ahead inc hosp,quantile,0.1,202,COVID-19
DE-BB,00+,2022-04-06,2022-04-04,-2 day ahead inc hosp,quantile,0.25,202,COVID-19
DE-BB,00+,2022-04-06,2022-04-04,-2 day ahead inc hosp,quantile,0.5,202,COVID-19
DE-BB,00+,2022-04-06,2022-04-04,-2 day ahead inc hosp,quantile,0.75,202,COVID-19
DE-BB,00+,2022-04-06,2022-04-04,-2 day ahead inc hosp,quantile,0.9,202,COVID-19
DE-BB,00+,2022-04-06,2022-04-04,-2 day ahead inc hosp,quantile,0.975,202,COVID-19
DE-BB,00+,2022-04-06,2022-04-05,-1 day ahead inc hosp,mean,NA,178,COVID-19
DE-BB,00+,2022-04-06,2022-04-05,-1 day ahead inc hosp,quantile,0.025,178,COVID-19
DE-BB,00+,2022-04-06,2022-04-05,-1 day ahead inc hosp,quantile,0.1,178,COVID-19
DE-BB,00+,2022-04-06,2022-04-05,-1 day ahead inc hosp,quantile,0.25,178,COVID-19
DE-BB,00+,2022-04-06,2022-04-05,-1 day ahead inc hosp,quantile,0.5,178,COVID-19
DE-BB,00+,2022-04-06,2022-04-05,-1 day ahead inc hosp,quantile,0.75,178,COVID-19
DE-BB,00+,2022-04-06,2022-04-05,-1 day ahead inc hosp,quantile,0.9,178,COVID-19
DE-BB,00+,2022-04-06,2022-04-05,-1 day ahead inc hosp,quantile,0.975,178,COVID-19
DE-BB,00+,2022-04-06,2022-04-06,0 day ahead inc hosp,mean,NA,131,COVID-19
DE-BB,00+,2022-04-06,2022-04-06,0 day ahead inc hosp,quantile,0.025,131,COVID-19
DE-BB,00+,2022-04-06,2022-04-06,0 day ahead inc hosp,quantile,0.1,131,COVID-19
DE-BB,00+,2022-04-06,2022-04-06,0 day ahead inc hosp,quantile,0.25,131,COVID-19
DE-BB,00+,2022-04-06,2022-04-06,0 day ahead inc hosp,quantile,0.5,131,COVID-19
DE-BB,00+,2022-04-06,2022-04-06,0 day ahead inc hosp,quantile,0.75,131,COVID-19
DE-BB,00+,2022-04-06,2022-04-06,0 day ahead inc hosp,quantile,0.9,131,COVID-19
DE-BB,00+,2022-04-06,2022-04-06,0 day ahead inc hosp,quantile,0.975,131,COVID-19
DE-BE,00+,2022-04-06,2022-03-09,-28 day ahead inc hosp,mean,NA,145,COVID-19
DE-BE,00+,2022-04-06,2022-03-09,-28 day ahead inc hosp,quantile,0.025,145,COVID-19
DE-BE,00+,2022-04-06,2022-03-09,-28 day ahead inc hosp,quantile,0.1,145,COVID-19
DE-BE,00+,2022-04-06,2022-03-09,-28 day ahead inc hosp,quantile,0.25,145,COVID-19
DE-BE,00+,2022-04-06,2022-03-09,-28 day ahead inc hosp,quantile,0.5,145,COVID-19
DE-BE,00+,2022-04-06,2022-03-09,-28 day ahead inc hosp,quantile,0.75,145,COVID-19
DE-BE,00+,2022-04-06,2022-03-09,-28 day ahead inc hosp,quantile,0.9,145,COVID-19
DE-BE,00+,2022-04-06,2022-03-09,-28 day ahead inc hosp,quantile,0.975,145,COVID-19
DE-BE,00+,2022-04-06,2022-03-10,-27 day ahead inc hosp,mean,NA,178,COVID-19
DE-BE,00+,2022-04-06,2022-03-10,-27 day ahead inc hosp,quantile,0.025,178,COVID-19
DE-BE,00+,2022-04-06,2022-03-10,-27 day ahead inc hosp,quantile,0.1,178,COVID-19
DE-BE,00+,2022-04-06,2022-03-10,-27 day ahead inc hosp,quantile,0.25,178,COVID-19
DE-BE,00+,2022-04-06,2022-03-10,-27 day ahead inc hosp,quantile,0.5,178,COVID-19
DE-BE,00+,2022-04-06,2022-03-10,-27 day ahead inc hosp,quantile,0.75,178,COVID-19
DE-BE,00+,2022-04-06,2022-03-10,-27 day ahead inc hosp,quantile,0.9,178,COVID-19
DE-BE,00+,2022-04-06,2022-03-10,-27 day ahead inc hosp,quantile,0.975,178,COVID-19
DE-BE,00+,2022-04-06,2022-03-11,-26 day ahead inc hosp,mean,NA,187,COVID-19
DE-BE,00+,2022-04-06,2022-03-11,-26 day ahead inc hosp,quantile,0.025,187,COVID-19
DE-BE,00+,2022-04-06,2022-03-11,-26 day ahead inc hosp,quantile,0.1,187,COVID-19
DE-BE,00+,2022-04-06,2022-03-11,-26 day ahead inc hosp,quantile,0.25,187,COVID-19
DE-BE,00+,2022-04-06,2022-03-11,-26 day ahead inc hosp,quantile,0.5,187,COVID-19
DE-BE,00+,2022-04-06,2022-03-11,-26 day ahead inc hosp,quantile,0.75,187,COVID-19
DE-BE,00+,2022-04-06,2022-03-11,-26 day ahead inc hosp,quantile,0.9,187,COVID-19
DE-BE,00+,2022-04-06,2022-03-11,-26 day ahead inc hosp,quantile,0.975,187,COVID-19
DE-BE,00+,2022-04-06,2022-03-12,-25 day ahead inc hosp,mean,NA,195,COVID-19
DE-BE,00+,2022-04-06,2022-03-12,-25 day ahead inc hosp,quantile,0.025,195,COVID-19
DE-BE,00+,2022-04-06,2022-03-12,-25 day ahead inc hosp,quantile,0.1,195,COVID-19
DE-BE,00+,2022-04-06,2022-03-12,-25 day ahead inc hosp,quantile,0.25,195,COVID-19
DE-BE,00+,2022-04-06,2022-03-12,-25 day ahead inc hosp,quantile,0.5,195,COVID-19
DE-BE,00+,2022-04-06,2022-03-12,-25 day ahead inc hosp,quantile,0.75,195,COVID-19
DE-BE,00+,2022-04-06,2022-03-12,-25 day ahead inc hosp,quantile,0.9,195,COVID-19
DE-BE,00+,2022-04-06,2022-03-12,-25 day ahead inc hosp,quantile,0.975,195,COVID-19
DE-BE,00+,2022-04-06,2022-03-13,-24 day ahead inc hosp,mean,NA,202,COVID-19
DE-BE,00+,2022-04-06,2022-03-13,-24 day ahead inc hosp,quantile,0.025,202,COVID-19
DE-BE,00+,2022-04-06,2022-03-13,-24 day ahead inc hosp,quantile,0.1,202,COVID-19
DE-BE,00+,2022-04-06,2022-03-13,-24 day ahead inc hosp,quantile,0.25,202,COVID-19
DE-BE,00+,2022-04-06,2022-03-13,-24 day ahead inc hosp,quantile,0.5,202,COVID-19
DE-BE,00+,2022-04-06,2022-03-13,-24 day ahead inc hosp,quantile,0.75,202,COVID-19
DE-BE,00+,2022-04-06,2022-03-13,-24 day ahead inc hosp,quantile,0.9,202,COVID-19
DE-BE,00+,2022-04-06,2022-03-13,-24 day ahead inc hosp,quantile,0.975,202,COVID-19
DE-BE,00+,2022-04-06,2022-03-14,-23 day ahead inc hosp,mean,NA,200,COVID-19
DE-BE,00+,2022-04-06,2022-03-14,-23 day ahead inc hosp,quantile,0.025,200,COVID-19
DE-BE,00+,2022-04-06,2022-03-14,-23 day ahead inc hosp,quantile,0.1,200,COVID-19
DE-BE,00+,2022-04-06,2022-03-14,-23 day ahead inc hosp,quantile,0.25,200,COVID-19
DE-BE,00+,2022-04-06,2022-03-14,-23 day ahead inc hosp,quantile,0.5,200,COVID-19
DE-BE,00+,2022-04-06,2022-03-14,-23 day ahead inc hosp,quantile,0.75,200,COVID-19
DE-BE,00+,2022-04-06,2022-03-14,-23 day ahead inc hosp,quantile,0.9,200,COVID-19
DE-BE,00+,2022-04-06,2022-03-14,-23 day ahead inc hosp,quantile,0.975,200,COVID-19
DE-BE,00+,2022-04-06,2022-03-15,-22 day ahead inc hosp,mean,NA,204,COVID-19
DE-BE,00+,2022-04-06,2022-03-15,-22 day ahead inc hosp,quantile,0.025,204,COVID-19
DE-BE,00+,2022-04-06,2022-03-15,-22 day ahead inc hosp,quantile,0.1,204,COVID-19
DE-BE,00+,2022-04-06,2022-03-15,-22 day ahead inc hosp,quantile,0.25,204,COVID-19
DE-BE,00+,2022-04-06,2022-03-15,-22 day ahead inc hosp,quantile,0.5,204,COVID-19
DE-BE,00+,2022-04-06,2022-03-15,-22 day ahead inc hosp,quantile,0.75,204,COVID-19
DE-BE,00+,2022-04-06,2022-03-15,-22 day ahead inc hosp,quantile,0.9,204,COVID-19
DE-BE,00+,2022-04-06,2022-03-15,-22 day ahead inc hosp,quantile,0.975,204,COVID-19
DE-BE,00+,2022-04-06,2022-03-16,-21 day ahead inc hosp,mean,NA,238,COVID-19
DE-BE,00+,2022-04-06,2022-03-16,-21 day ahead inc hosp,quantile,0.025,238,COVID-19
DE-BE,00+,2022-04-06,2022-03-16,-21 day ahead inc hosp,quantile,0.1,238,COVID-19
DE-BE,00+,2022-04-06,2022-03-16,-21 day ahead inc hosp,quantile,0.25,238,COVID-19
DE-BE,00+,2022-04-06,2022-03-16,-21 day ahead inc hosp,quantile,0.5,238,COVID-19
DE-BE,00+,2022-04-06,2022-03-16,-21 day ahead inc hosp,quantile,0.75,238,COVID-19
DE-BE,00+,2022-04-06,2022-03-16,-21 day ahead inc hosp,quantile,0.9,238,COVID-19
DE-BE,00+,2022-04-06,2022-03-16,-21 day ahead inc hosp,quantile,0.975,238,COVID-19
DE-BE,00+,2022-04-06,2022-03-17,-20 day ahead inc hosp,mean,NA,208,COVID-19
DE-BE,00+,2022-04-06,2022-03-17,-20 day ahead inc hosp,quantile,0.025,208,COVID-19
DE-BE,00+,2022-04-06,2022-03-17,-20 day ahead inc hosp,quantile,0.1,208,COVID-19
DE-BE,00+,2022-04-06,2022-03-17,-20 day ahead inc hosp,quantile,0.25,208,COVID-19
DE-BE,00+,2022-04-06,2022-03-17,-20 day ahead inc hosp,quantile,0.5,208,COVID-19
DE-BE,00+,2022-04-06,2022-03-17,-20 day ahead inc hosp,quantile,0.75,208,COVID-19
DE-BE,00+,2022-04-06,2022-03-17,-20 day ahead inc hosp,quantile,0.9,208,COVID-19
DE-BE,00+,2022-04-06,2022-03-17,-20 day ahead inc hosp,quantile,0.975,208,COVID-19
DE-BE,00+,2022-04-06,2022-03-18,-19 day ahead inc hosp,mean,NA,201,COVID-19
DE-BE,00+,2022-04-06,2022-03-18,-19 day ahead inc hosp,quantile,0.025,201,COVID-19
DE-BE,00+,2022-04-06,2022-03-18,-19 day ahead inc hosp,quantile,0.1,201,COVID-19
DE-BE,00+,2022-04-06,2022-03-18,-19 day ahead inc hosp,quantile,0.25,201,COVID-19
DE-BE,00+,2022-04-06,2022-03-18,-19 day ahead inc hosp,quantile,0.5,201,COVID-19
DE-BE,00+,2022-04-06,2022-03-18,-19 day ahead inc hosp,quantile,0.75,201,COVID-19
DE-BE,00+,2022-04-06,2022-03-18,-19 day ahead inc hosp,quantile,0.9,201,COVID-19
DE-BE,00+,2022-04-06,2022-03-18,-19 day ahead inc hosp,quantile,0.975,201,COVID-19
DE-BE,00+,2022-04-06,2022-03-19,-18 day ahead inc hosp,mean,NA,204,COVID-19
DE-BE,00+,2022-04-06,2022-03-19,-18 day ahead inc hosp,quantile,0.025,204,COVID-19
DE-BE,00+,2022-04-06,2022-03-19,-18 day ahead inc hosp,quantile,0.1,204,COVID-19
DE-BE,00+,2022-04-06,2022-03-19,-18 day ahead inc hosp,quantile,0.25,204,COVID-19
DE-BE,00+,2022-04-06,2022-03-19,-18 day ahead inc hosp,quantile,0.5,204,COVID-19
DE-BE,00+,2022-04-06,2022-03-19,-18 day ahead inc hosp,quantile,0.75,204,COVID-19
DE-BE,00+,2022-04-06,2022-03-19,-18 day ahead inc hosp,quantile,0.9,204,COVID-19
DE-BE,00+,2022-04-06,2022-03-19,-18 day ahead inc hosp,quantile,0.975,204,COVID-19
DE-BE,00+,2022-04-06,2022-03-20,-17 day ahead inc hosp,mean,NA,196,COVID-19
DE-BE,00+,2022-04-06,2022-03-20,-17 day ahead inc hosp,quantile,0.025,196,COVID-19
DE-BE,00+,2022-04-06,2022-03-20,-17 day ahead inc hosp,quantile,0.1,196,COVID-19
DE-BE,00+,2022-04-06,2022-03-20,-17 day ahead inc hosp,quantile,0.25,196,COVID-19
DE-BE,00+,2022-04-06,2022-03-20,-17 day ahead inc hosp,quantile,0.5,196,COVID-19
DE-BE,00+,2022-04-06,2022-03-20,-17 day ahead inc hosp,quantile,0.75,196,COVID-19
DE-BE,00+,2022-04-06,2022-03-20,-17 day ahead inc hosp,quantile,0.9,196,COVID-19
DE-BE,00+,2022-04-06,2022-03-20,-17 day ahead inc hosp,quantile,0.975,196,COVID-19
DE-BE,00+,2022-04-06,2022-03-21,-16 day ahead inc hosp,mean,NA,194,COVID-19
DE-BE,00+,2022-04-06,2022-03-21,-16 day ahead inc hosp,quantile,0.025,194,COVID-19
DE-BE,00+,2022-04-06,2022-03-21,-16 day ahead inc hosp,quantile,0.1,194,COVID-19
DE-BE,00+,2022-04-06,2022-03-21,-16 day ahead inc hosp,quantile,0.25,194,COVID-19
DE-BE,00+,2022-04-06,2022-03-21,-16 day ahead inc hosp,quantile,0.5,194,COVID-19
DE-BE,00+,2022-04-06,2022-03-21,-16 day ahead inc hosp,quantile,0.75,194,COVID-19
DE-BE,00+,2022-04-06,2022-03-21,-16 day ahead inc hosp,quantile,0.9,194,COVID-19
DE-BE,00+,2022-04-06,2022-03-21,-16 day ahead inc hosp,quantile,0.975,194,COVID-19
DE-BE,00+,2022-04-06,2022-03-22,-15 day ahead inc hosp,mean,NA,188,COVID-19
DE-BE,00+,2022-04-06,2022-03-22,-15 day ahead inc hosp,quantile,0.025,188,COVID-19
DE-BE,00+,2022-04-06,2022-03-22,-15 day ahead inc hosp,quantile,0.1,188,COVID-19
DE-BE,00+,2022-04-06,2022-03-22,-15 day ahead inc hosp,quantile,0.25,188,COVID-19
DE-BE,00+,2022-04-06,2022-03-22,-15 day ahead inc hosp,quantile,0.5,188,COVID-19
DE-BE,00+,2022-04-06,2022-03-22,-15 day ahead inc hosp,quantile,0.75,188,COVID-19
DE-BE,00+,2022-04-06,2022-03-22,-15 day ahead inc hosp,quantile,0.9,188,COVID-19
DE-BE,00+,2022-04-06,2022-03-22,-15 day ahead inc hosp,quantile,0.975,188,COVID-19
DE-BE,00+,2022-04-06,2022-03-23,-14 day ahead inc hosp,mean,NA,204,COVID-19
DE-BE,00+,2022-04-06,2022-03-23,-14 day ahead inc hosp,quantile,0.025,204,COVID-19
DE-BE,00+,2022-04-06,2022-03-23,-14 day ahead inc hosp,quantile,0.1,204,COVID-19
DE-BE,00+,2022-04-06,2022-03-23,-14 day ahead inc hosp,quantile,0.25,204,COVID-19
DE-BE,00+,2022-04-06,2022-03-23,-14 day ahead inc hosp,quantile,0.5,204,COVID-19
DE-BE,00+,2022-04-06,2022-03-23,-14 day ahead inc hosp,quantile,0.75,204,COVID-19
DE-BE,00+,2022-04-06,2022-03-23,-14 day ahead inc hosp,quantile,0.9,204,COVID-19
DE-BE,00+,2022-04-06,2022-03-23,-14 day ahead inc hosp,quantile,0.975,204,COVID-19
DE-BE,00+,2022-04-06,2022-03-24,-13 day ahead inc hosp,mean,NA,196,COVID-19
DE-BE,00+,2022-04-06,2022-03-24,-13 day ahead inc hosp,quantile,0.025,196,COVID-19
DE-BE,00+,2022-04-06,2022-03-24,-13 day ahead inc hosp,quantile,0.1,196,COVID-19
DE-BE,00+,2022-04-06,2022-03-24,-13 day ahead inc hosp,quantile,0.25,196,COVID-19
DE-BE,00+,2022-04-06,2022-03-24,-13 day ahead inc hosp,quantile,0.5,196,COVID-19
DE-BE,00+,2022-04-06,2022-03-24,-13 day ahead inc hosp,quantile,0.75,196,COVID-19
DE-BE,00+,2022-04-06,2022-03-24,-13 day ahead inc hosp,quantile,0.9,196,COVID-19
DE-BE,00+,2022-04-06,2022-03-24,-13 day ahead inc hosp,quantile,0.975,196,COVID-19
DE-BE,00+,2022-04-06,2022-03-25,-12 day ahead inc hosp,mean,NA,194,COVID-19
DE-BE,00+,2022-04-06,2022-03-25,-12 day ahead inc hosp,quantile,0.025,194,COVID-19
DE-BE,00+,2022-04-06,2022-03-25,-12 day ahead inc hosp,quantile,0.1,194,COVID-19
DE-BE,00+,2022-04-06,2022-03-25,-12 day ahead inc hosp,quantile,0.25,194,COVID-19
DE-BE,00+,2022-04-06,2022-03-25,-12 day ahead inc hosp,quantile,0.5,194,COVID-19
DE-BE,00+,2022-04-06,2022-03-25,-12 day ahead inc hosp,quantile,0.75,194,COVID-19
DE-BE,00+,2022-04-06,2022-03-25,-12 day ahead inc hosp,quantile,0.9,194,COVID-19
DE-BE,00+,2022-04-06,2022-03-25,-12 day ahead inc hosp,quantile,0.975,194,COVID-19
DE-BE,00+,2022-04-06,2022-03-26,-11 day ahead inc hosp,mean,NA,175,COVID-19
DE-BE,00+,2022-04-06,2022-03-26,-11 day ahead inc hosp,quantile,0.025,175,COVID-19
DE-BE,00+,2022-04-06,2022-03-26,-11 day ahead inc hosp,quantile,0.1,175,COVID-19
DE-BE,00+,2022-04-06,2022-03-26,-11 day ahead inc hosp,quantile,0.25,175,COVID-19
DE-BE,00+,2022-04-06,2022-03-26,-11 day ahead inc hosp,quantile,0.5,175,COVID-19
DE-BE,00+,2022-04-06,2022-03-26,-11 day ahead inc hosp,quantile,0.75,175,COVID-19
DE-BE,00+,2022-04-06,2022-03-26,-11 day ahead inc hosp,quantile,0.9,175,COVID-19
DE-BE,00+,2022-04-06,2022-03-26,-11 day ahead inc hosp,quantile,0.975,175,COVID-19
DE-BE,00+,2022-04-06,2022-03-27,-10 day ahead inc hosp,mean,NA,174,COVID-19
DE-BE,00+,2022-04-06,2022-03-27,-10 day ahead inc hosp,quantile,0.025,174,COVID-19
DE-BE,00+,2022-04-06,2022-03-27,-10 day ahead inc hosp,quantile,0.1,174,COVID-19
DE-BE,00+,2022-04-06,2022-03-27,-10 day ahead inc hosp,quantile,0.25,174,COVID-19
DE-BE,00+,2022-04-06,2022-03-27,-10 day ahead inc hosp,quantile,0.5,174,COVID-19
DE-BE,00+,2022-04-06,2022-03-27,-10 day ahead inc hosp,quantile,0.75,174,COVID-19
DE-BE,00+,2022-04-06,2022-03-27,-10 day ahead inc hosp,quantile,0.9,174,COVID-19
DE-BE,00+,2022-04-06,2022-03-27,-10 day ahead inc hosp,quantile,0.975,174,COVID-19
DE-BE,00+,2022-04-06,2022-03-28,-9 day ahead inc hosp,mean,NA,178,COVID-19
DE-BE,00+,2022-04-06,2022-03-28,-9 day ahead inc hosp,quantile,0.025,178,COVID-19
DE-BE,00+,2022-04-06,2022-03-28,-9 day ahead inc hosp,quantile,0.1,178,COVID-19
DE-BE,00+,2022-04-06,2022-03-28,-9 day ahead inc hosp,quantile,0.25,178,COVID-19
DE-BE,00+,2022-04-06,2022-03-28,-9 day ahead inc hosp,quantile,0.5,178,COVID-19
DE-BE,00+,2022-04-06,2022-03-28,-9 day ahead inc hosp,quantile,0.75,178,COVID-19
DE-BE,00+,2022-04-06,2022-03-28,-9 day ahead inc hosp,quantile,0.9,178,COVID-19
DE-BE,00+,2022-04-06,2022-03-28,-9 day ahead inc hosp,quantile,0.975,178,COVID-19
DE-BE,00+,2022-04-06,2022-03-29,-8 day ahead inc hosp,mean,NA,181,COVID-19
DE-BE,00+,2022-04-06,2022-03-29,-8 day ahead inc hosp,quantile,0.025,181,COVID-19
DE-BE,00+,2022-04-06,2022-03-29,-8 day ahead inc hosp,quantile,0.1,181,COVID-19
DE-BE,00+,2022-04-06,2022-03-29,-8 day ahead inc hosp,quantile,0.25,181,COVID-19
DE-BE,00+,2022-04-06,2022-03-29,-8 day ahead inc hosp,quantile,0.5,181,COVID-19
DE-BE,00+,2022-04-06,2022-03-29,-8 day ahead inc hosp,quantile,0.75,181,COVID-19
DE-BE,00+,2022-04-06,2022-03-29,-8 day ahead inc hosp,quantile,0.9,181,COVID-19
DE-BE,00+,2022-04-06,2022-03-29,-8 day ahead inc hosp,quantile,0.975,181,COVID-19
DE-BE,00+,2022-04-06,2022-03-30,-7 day ahead inc hosp,mean,NA,150,COVID-19
DE-BE,00+,2022-04-06,2022-03-30,-7 day ahead inc hosp,quantile,0.025,150,COVID-19
DE-BE,00+,2022-04-06,2022-03-30,-7 day ahead inc hosp,quantile,0.1,150,COVID-19
DE-BE,00+,2022-04-06,2022-03-30,-7 day ahead inc hosp,quantile,0.25,150,COVID-19
DE-BE,00+,2022-04-06,2022-03-30,-7 day ahead inc hosp,quantile,0.5,150,COVID-19
DE-BE,00+,2022-04-06,2022-03-30,-7 day ahead inc hosp,quantile,0.75,150,COVID-19
DE-BE,00+,2022-04-06,2022-03-30,-7 day ahead inc hosp,quantile,0.9,150,COVID-19
DE-BE,00+,2022-04-06,2022-03-30,-7 day ahead inc hosp,quantile,0.975,150,COVID-19
DE-BE,00+,2022-04-06,2022-03-31,-6 day ahead inc hosp,mean,NA,134,COVID-19
DE-BE,00+,2022-04-06,2022-03-31,-6 day ahead inc hosp,quantile,0.025,134,COVID-19
DE-BE,00+,2022-04-06,2022-03-31,-6 day ahead inc hosp,quantile,0.1,134,COVID-19
DE-BE,00+,2022-04-06,2022-03-31,-6 day ahead inc hosp,quantile,0.25,134,COVID-19
DE-BE,00+,2022-04-06,2022-03-31,-6 day ahead inc hosp,quantile,0.5,134,COVID-19
DE-BE,00+,2022-04-06,2022-03-31,-6 day ahead inc hosp,quantile,0.75,134,COVID-19
DE-BE,00+,2022-04-06,2022-03-31,-6 day ahead inc hosp,quantile,0.9,134,COVID-19
DE-BE,00+,2022-04-06,2022-03-31,-6 day ahead inc hosp,quantile,0.975,134,COVID-19
DE-BE,00+,2022-04-06,2022-04-01,-5 day ahead inc hosp,mean,NA,126,COVID-19
DE-BE,00+,2022-04-06,2022-04-01,-5 day ahead inc hosp,quantile,0.025,126,COVID-19
DE-BE,00+,2022-04-06,2022-04-01,-5 day ahead inc hosp,quantile,0.1,126,COVID-19
DE-BE,00+,2022-04-06,2022-04-01,-5 day ahead inc hosp,quantile,0.25,126,COVID-19
DE-BE,00+,2022-04-06,2022-04-01,-5 day ahead inc hosp,quantile,0.5,126,COVID-19
DE-BE,00+,2022-04-06,2022-04-01,-5 day ahead inc hosp,quantile,0.75,126,COVID-19
DE-BE,00+,2022-04-06,2022-04-01,-5 day ahead inc hosp,quantile,0.9,126,COVID-19
DE-BE,00+,2022-04-06,2022-04-01,-5 day ahead inc hosp,quantile,0.975,126,COVID-19
DE-BE,00+,2022-04-06,2022-04-02,-4 day ahead inc hosp,mean,NA,125,COVID-19
DE-BE,00+,2022-04-06,2022-04-02,-4 day ahead inc hosp,quantile,0.025,125,COVID-19
DE-BE,00+,2022-04-06,2022-04-02,-4 day ahead inc hosp,quantile,0.1,125,COVID-19
DE-BE,00+,2022-04-06,2022-04-02,-4 day ahead inc hosp,quantile,0.25,125,COVID-19
DE-BE,00+,2022-04-06,2022-04-02,-4 day ahead inc hosp,quantile,0.5,125,COVID-19
DE-BE,00+,2022-04-06,2022-04-02,-4 day ahead inc hosp,quantile,0.75,125,COVID-19
DE-BE,00+,2022-04-06,2022-04-02,-4 day ahead inc hosp,quantile,0.9,125,COVID-19
DE-BE,00+,2022-04-06,2022-04-02,-4 day ahead inc hosp,quantile,0.975,125,COVID-19
DE-BE,00+,2022-04-06,2022-04-03,-3 day ahead inc hosp,mean,NA,122,COVID-19
DE-BE,00+,2022-04-06,2022-04-03,-3 day ahead inc hosp,quantile,0.025,122,COVID-19
DE-BE,00+,2022-04-06,2022-04-03,-3 day ahead inc hosp,quantile,0.1,122,COVID-19
DE-BE,00+,2022-04-06,2022-04-03,-3 day ahead inc hosp,quantile,0.25,122,COVID-19
DE-BE,00+,2022-04-06,2022-04-03,-3 day ahead inc hosp,quantile,0.5,122,COVID-19
DE-BE,00+,2022-04-06,2022-04-03,-3 day ahead inc hosp,quantile,0.75,122,COVID-19
DE-BE,00+,2022-04-06,2022-04-03,-3 day ahead inc hosp,quantile,0.9,122,COVID-19
DE-BE,00+,2022-04-06,2022-04-03,-3 day ahead inc hosp,quantile,0.975,122,COVID-19
DE-BE,00+,2022-04-06,2022-04-04,-2 day ahead inc hosp,mean,NA,121,COVID-19
DE-BE,00+,2022-04-06,2022-04-04,-2 day ahead inc hosp,quantile,0.025,121,COVID-19
DE-BE,00+,2022-04-06,2022-04-04,-2 day ahead inc hosp,quantile,0.1,121,COVID-19
DE-BE,00+,2022-04-06,2022-04-04,-2 day ahead inc hosp,quantile,0.25,121,COVID-19
DE-BE,00+,2022-04-06,2022-04-04,-2 day ahead inc hosp,quantile,0.5,121,COVID-19
DE-BE,00+,2022-04-06,2022-04-04,-2 day ahead inc hosp,quantile,0.75,121,COVID-19
DE-BE,00+,2022-04-06,2022-04-04,-2 day ahead inc hosp,quantile,0.9,121,COVID-19
DE-BE,00+,2022-04-06,2022-04-04,-2 day ahead inc hosp,quantile,0.975,121,COVID-19
DE-BE,00+,2022-04-06,2022-04-05,-1 day ahead inc hosp,mean,NA,99,COVID-19
DE-BE,00+,2022-04-06,2022-04-05,-1 day ahead inc hosp,quantile,0.025,99,COVID-19
DE-BE,00+,2022-04-06,2022-04-05,-1 day ahead inc hosp,quantile,0.1,99,COVID-19
DE-BE,00+,2022-04-06,2022-04-05,-1 day ahead inc hosp,quantile,0.25,99,COVID-19
DE-BE,00+,2022-04-06,2022-04-05,-1 day ahead inc hosp,quantile,0.5,99,COVID-19
DE-BE,00+,2022-04-06,2022-04-05,-1 day ahead inc hosp,quantile,0.75,99,COVID-19
DE-BE,00+,2022-04-06,2022-04-05,-1 day ahead inc hosp,quantile,0.9,99,COVID-19
DE-BE,00+,2022-04-06,2022-04-05,-1 day ahead inc hosp,quantile,0.975,99,COVID-19
DE-BE,00+,2022-04-06,2022-04-06,0 day ahead inc hosp,mean,NA,79,COVID-19
DE-BE,00+,2022-04-06,2022-04-06,0 day ahead inc hosp,quantile,0.025,79,COVID-19
DE-BE,00+,2022-04-06,2022-04-06,0 day ahead inc hosp,quantile,0.1,79,COVID-19
DE-BE,00+,2022-04-06,2022-04-06,0 day ahead inc hosp,quantile,0.25,79,COVID-19
DE-BE,00+,2022-04-06,2022-04-06,0 day ahead inc hosp,quantile,0.5,79,COVID-19
DE-BE,00+,2022-04-06,2022-04-06,0 day ahead inc hosp,quantile,0.75,79,COVID-19
DE-BE,00+,2022-04-06,2022-04-06,0 day ahead inc hosp,quantile,0.9,79,COVID-19
DE-BE,00+,2022-04-06,2022-04-06,0 day ahead inc hosp,quantile,0.975,79,COVID-19
DE-BW,00+,2022-04-06,2022-03-09,-28 day ahead inc hosp,mean,NA,1375,COVID-19
DE-BW,00+,2022-04-06,2022-03-09,-28 day ahead inc hosp,quantile,0.025,1375,COVID-19
DE-BW,00+,2022-04-06,2022-03-09,-28 day ahead inc hosp,quantile,0.1,1375,COVID-19
DE-BW,00+,2022-04-06,2022-03-09,-28 day ahead inc hosp,quantile,0.25,1375,COVID-19
DE-BW,00+,2022-04-06,2022-03-09,-28 day ahead inc hosp,quantile,0.5,1375,COVID-19
DE-BW,00+,2022-04-06,2022-03-09,-28 day ahead inc hosp,quantile,0.75,1375,COVID-19
DE-BW,00+,2022-04-06,2022-03-09,-28 day ahead inc hosp,quantile,0.9,1375,COVID-19
DE-BW,00+,2022-04-06,2022-03-09,-28 day ahead inc hosp,quantile,0.975,1375,COVID-19
DE-BW,00+,2022-04-06,2022-03-10,-27 day ahead inc hosp,mean,NA,1361,COVID-19
DE-BW,00+,2022-04-06,2022-03-10,-27 day ahead inc hosp,quantile,0.025,1361,COVID-19
DE-BW,00+,2022-04-06,2022-03-10,-27 day ahead inc hosp,quantile,0.1,1361,COVID-19
DE-BW,00+,2022-04-06,2022-03-10,-27 day ahead inc hosp,quantile,0.25,1361,COVID-19
DE-BW,00+,2022-04-06,2022-03-10,-27 day ahead inc hosp,quantile,0.5,1361,COVID-19
DE-BW,00+,2022-04-06,2022-03-10,-27 day ahead inc hosp,quantile,0.75,1361,COVID-19
DE-BW,00+,2022-04-06,2022-03-10,-27 day ahead inc hosp,quantile,0.9,1361,COVID-19
DE-BW,00+,2022-04-06,2022-03-10,-27 day ahead inc hosp,quantile,0.975,1361,COVID-19
DE-BW,00+,2022-04-06,2022-03-11,-26 day ahead inc hosp,mean,NA,1365,COVID-19
DE-BW,00+,2022-04-06,2022-03-11,-26 day ahead inc hosp,quantile,0.025,1365,COVID-19
DE-BW,00+,2022-04-06,2022-03-11,-26 day ahead inc hosp,quantile,0.1,1365,COVID-19
DE-BW,00+,2022-04-06,2022-03-11,-26 day ahead inc hosp,quantile,0.25,1365,COVID-19
DE-BW,00+,2022-04-06,2022-03-11,-26 day ahead inc hosp,quantile,0.5,1365,COVID-19
DE-BW,00+,2022-04-06,2022-03-11,-26 day ahead inc hosp,quantile,0.75,1365,COVID-19
DE-BW,00+,2022-04-06,2022-03-11,-26 day ahead inc hosp,quantile,0.9,1365,COVID-19
DE-BW,00+,2022-04-06,2022-03-11,-26 day ahead inc hosp,quantile,0.975,1365,COVID-19
DE-BW,00+,2022-04-06,2022-03-12,-25 day ahead inc hosp,mean,NA,1378,COVID-19
DE-BW,00+,2022-04-06,2022-03-12,-25 day ahead inc hosp,quantile,0.025,1378,COVID-19
DE-BW,00+,2022-04-06,2022-03-12,-25 day ahead inc hosp,quantile,0.1,1378,COVID-19
DE-BW,00+,2022-04-06,2022-03-12,-25 day ahead inc hosp,quantile,0.25,1378,COVID-19
DE-BW,00+,2022-04-06,2022-03-12,-25 day ahead inc hosp,quantile,0.5,1378,COVID-19
DE-BW,00+,2022-04-06,2022-03-12,-25 day ahead inc hosp,quantile,0.75,1378,COVID-19
DE-BW,00+,2022-04-06,2022-03-12,-25 day ahead inc hosp,quantile,0.9,1378,COVID-19
DE-BW,00+,2022-04-06,2022-03-12,-25 day ahead inc hosp,quantile,0.975,1378,COVID-19
DE-BW,00+,2022-04-06,2022-03-13,-24 day ahead inc hosp,mean,NA,1409,COVID-19
DE-BW,00+,2022-04-06,2022-03-13,-24 day ahead inc hosp,quantile,0.025,1409,COVID-19
DE-BW,00+,2022-04-06,2022-03-13,-24 day ahead inc hosp,quantile,0.1,1409,COVID-19
DE-BW,00+,2022-04-06,2022-03-13,-24 day ahead inc hosp,quantile,0.25,1409,COVID-19
DE-BW,00+,2022-04-06,2022-03-13,-24 day ahead inc hosp,quantile,0.5,1409,COVID-19
DE-BW,00+,2022-04-06,2022-03-13,-24 day ahead inc hosp,quantile,0.75,1409,COVID-19
DE-BW,00+,2022-04-06,2022-03-13,-24 day ahead inc hosp,quantile,0.9,1409,COVID-19
DE-BW,00+,2022-04-06,2022-03-13,-24 day ahead inc hosp,quantile,0.975,1409,COVID-19
DE-BW,00+,2022-04-06,2022-03-14,-23 day ahead inc hosp,mean,NA,1421,COVID-19
DE-BW,00+,2022-04-06,2022-03-14,-23 day ahead inc hosp,quantile,0.025,1421,COVID-19
DE-BW,00+,2022-04-06,2022-03-14,-23 day ahead inc hosp,quantile,0.1,1421,COVID-19
DE-BW,00+,2022-04-06,2022-03-14,-23 day ahead inc hosp,quantile,0.25,1421,COVID-19
DE-BW,00+,2022-04-06,2022-03-14,-23 day ahead inc hosp,quantile,0.5,1421,COVID-19
DE-BW,00+,2022-04-06,2022-03-14,-23 day ahead inc hosp,quantile,0.75,1421,COVID-19
DE-BW,00+,2022-04-06,2022-03-14,-23 day ahead inc hosp,quantile,0.9,1421,COVID-19
DE-BW,00+,2022-04-06,2022-03-14,-23 day ahead inc hosp,quantile,0.975,1421,COVID-19
DE-BW,00+,2022-04-06,2022-03-15,-22 day ahead inc hosp,mean,NA,1484,COVID-19
DE-BW,00+,2022-04-06,2022-03-15,-22 day ahead inc hosp,quantile,0.025,1484,COVID-19
DE-BW,00+,2022-04-06,2022-03-15,-22 day ahead inc hosp,quantile,0.1,1484,COVID-19
DE-BW,00+,2022-04-06,2022-03-15,-22 day ahead inc hosp,quantile,0.25,1484,COVID-19
DE-BW,00+,2022-04-06,2022-03-15,-22 day ahead inc hosp,quantile,0.5,1484,COVID-19
DE-BW,00+,2022-04-06,2022-03-15,-22 day ahead inc hosp,quantile,0.75,1484,COVID-19
DE-BW,00+,2022-04-06,2022-03-15,-22 day ahead inc hosp,quantile,0.9,1484,COVID-19
DE-BW,00+,2022-04-06,2022-03-15,-22 day ahead inc hosp,quantile,0.975,1484,COVID-19
DE-BW,00+,2022-04-06,2022-03-16,-21 day ahead inc hosp,mean,NA,1472,COVID-19
DE-BW,00+,2022-04-06,2022-03-16,-21 day ahead inc hosp,quantile,0.025,1472,COVID-19
DE-BW,00+,2022-04-06,2022-03-16,-21 day ahead inc hosp,quantile,0.1,1472,COVID-19
DE-BW,00+,2022-04-06,2022-03-16,-21 day ahead inc hosp,quantile,0.25,1472,COVID-19
DE-BW,00+,2022-04-06,2022-03-16,-21 day ahead inc hosp,quantile,0.5,1472,COVID-19
DE-BW,00+,2022-04-06,2022-03-16,-21 day ahead inc hosp,quantile,0.75,1472,COVID-19
DE-BW,00+,2022-04-06,2022-03-16,-21 day ahead inc hosp,quantile,0.9,1472,COVID-19
DE-BW,00+,2022-04-06,2022-03-16,-21 day ahead inc hosp,quantile,0.975,1472,COVID-19
DE-BW,00+,2022-04-06,2022-03-17,-20 day ahead inc hosp,mean,NA,1488,COVID-19
DE-BW,00+,2022-04-06,2022-03-17,-20 day ahead inc hosp,quantile,0.025,1488,COVID-19
DE-BW,00+,2022-04-06,2022-03-17,-20 day ahead inc hosp,quantile,0.1,1488,COVID-19
DE-BW,00+,2022-04-06,2022-03-17,-20 day ahead inc hosp,quantile,0.25,1488,COVID-19
DE-BW,00+,2022-04-06,2022-03-17,-20 day ahead inc hosp,quantile,0.5,1488,COVID-19
DE-BW,00+,2022-04-06,2022-03-17,-20 day ahead inc hosp,quantile,0.75,1488,COVID-19
DE-BW,00+,2022-04-06,2022-03-17,-20 day ahead inc hosp,quantile,0.9,1488,COVID-19
DE-BW,00+,2022-04-06,2022-03-17,-20 day ahead inc hosp,quantile,0.975,1488,COVID-19
DE-BW,00+,2022-04-06,2022-03-18,-19 day ahead inc hosp,mean,NA,1533,COVID-19
DE-BW,00+,2022-04-06,2022-03-18,-19 day ahead inc hosp,quantile,0.025,1533,COVID-19
DE-BW,00+,2022-04-06,2022-03-18,-19 day ahead inc hosp,quantile,0.1,1533,COVID-19
DE-BW,00+,2022-04-06,2022-03-18,-19 day ahead inc hosp,quantile,0.25,1533,COVID-19
DE-BW,00+,2022-04-06,2022-03-18,-19 day ahead inc hosp,quantile,0.5,1533,COVID-19
DE-BW,00+,2022-04-06,2022-03-18,-19 day ahead inc hosp,quantile,0.75,1533,COVID-19
DE-BW,00+,2022-04-06,2022-03-18,-19 day ahead inc hosp,quantile,0.9,1533,COVID-19
DE-BW,00+,2022-04-06,2022-03-18,-19 day ahead inc hosp,quantile,0.975,1533,COVID-19
DE-BW,00+,2022-04-06,2022-03-19,-18 day ahead inc hosp,mean,NA,1523,COVID-19
DE-BW,00+,2022-04-06,2022-03-19,-18 day ahead inc hosp,quantile,0.025,1523,COVID-19
DE-BW,00+,2022-04-06,2022-03-19,-18 day ahead inc hosp,quantile,0.1,1523,COVID-19
DE-BW,00+,2022-04-06,2022-03-19,-18 day ahead inc hosp,quantile,0.25,1523,COVID-19
DE-BW,00+,2022-04-06,2022-03-19,-18 day ahead inc hosp,quantile,0.5,1523,COVID-19
DE-BW,00+,2022-04-06,2022-03-19,-18 day ahead inc hosp,quantile,0.75,1523,COVID-19
DE-BW,00+,2022-04-06,2022-03-19,-18 day ahead inc hosp,quantile,0.9,1523,COVID-19
DE-BW,00+,2022-04-06,2022-03-19,-18 day ahead inc hosp,quantile,0.975,1523,COVID-19
DE-BW,00+,2022-04-06,2022-03-20,-17 day ahead inc hosp,mean,NA,1483,COVID-19
DE-BW,00+,2022-04-06,2022-03-20,-17 day ahead inc hosp,quantile,0.025,1483,COVID-19
DE-BW,00+,2022-04-06,2022-03-20,-17 day ahead inc hosp,quantile,0.1,1483,COVID-19
DE-BW,00+,2022-04-06,2022-03-20,-17 day ahead inc hosp,quantile,0.25,1483,COVID-19
DE-BW,00+,2022-04-06,2022-03-20,-17 day ahead inc hosp,quantile,0.5,1483,COVID-19
DE-BW,00+,2022-04-06,2022-03-20,-17 day ahead inc hosp,quantile,0.75,1483,COVID-19
DE-BW,00+,2022-04-06,2022-03-20,-17 day ahead inc hosp,quantile,0.9,1483,COVID-19
DE-BW,00+,2022-04-06,2022-03-20,-17 day ahead inc hosp,quantile,0.975,1483,COVID-19
DE-BW,00+,2022-04-06,2022-03-21,-16 day ahead inc hosp,mean,NA,1468,COVID-19
DE-BW,00+,2022-04-06,2022-03-21,-16 day ahead inc hosp,quantile,0.025,1468,COVID-19
DE-BW,00+,2022-04-06,2022-03-21,-16 day ahead inc hosp,quantile,0.1,1468,COVID-19
DE-BW,00+,2022-04-06,2022-03-21,-16 day ahead inc hosp,quantile,0.25,1468,COVID-19
DE-BW,00+,2022-04-06,2022-03-21,-16 day ahead inc hosp,quantile,0.5,1468,COVID-19
DE-BW,00+,2022-04-06,2022-03-21,-16 day ahead inc hosp,quantile,0.75,1468,COVID-19
DE-BW,00+,2022-04-06,2022-03-21,-16 day ahead inc hosp,quantile,0.9,1468,COVID-19
DE-BW,00+,2022-04-06,2022-03-21,-16 day ahead inc hosp,quantile,0.975,1468,COVID-19
DE-BW,00+,2022-04-06,2022-03-22,-15 day ahead inc hosp,mean,NA,1439,COVID-19
DE-BW,00+,2022-04-06,2022-03-22,-15 day ahead inc hosp,quantile,0.025,1439,COVID-19
DE-BW,00+,2022-04-06,2022-03-22,-15 day ahead inc hosp,quantile,0.1,1439,COVID-19
DE-BW,00+,2022-04-06,2022-03-22,-15 day ahead inc hosp,quantile,0.25,1439,COVID-19
DE-BW,00+,2022-04-06,2022-03-22,-15 day ahead inc hosp,quantile,0.5,1439,COVID-19
DE-BW,00+,2022-04-06,2022-03-22,-15 day ahead inc hosp,quantile,0.75,1439,COVID-19
DE-BW,00+,2022-04-06,2022-03-22,-15 day ahead inc hosp,quantile,0.9,1439,COVID-19
DE-BW,00+,2022-04-06,2022-03-22,-15 day ahead inc hosp,quantile,0.975,1439,COVID-19
DE-BW,00+,2022-04-06,2022-03-23,-14 day ahead inc hosp,mean,NA,1441,COVID-19
DE-BW,00+,2022-04-06,2022-03-23,-14 day ahead inc hosp,quantile,0.025,1441,COVID-19
DE-BW,00+,2022-04-06,2022-03-23,-14 day ahead inc hosp,quantile,0.1,1441,COVID-19
DE-BW,00+,2022-04-06,2022-03-23,-14 day ahead inc hosp,quantile,0.25,1441,COVID-19
DE-BW,00+,2022-04-06,2022-03-23,-14 day ahead inc hosp,quantile,0.5,1441,COVID-19
DE-BW,00+,2022-04-06,2022-03-23,-14 day ahead inc hosp,quantile,0.75,1441,COVID-19
DE-BW,00+,2022-04-06,2022-03-23,-14 day ahead inc hosp,quantile,0.9,1441,COVID-19
DE-BW,00+,2022-04-06,2022-03-23,-14 day ahead inc hosp,quantile,0.975,1441,COVID-19
DE-BW,00+,2022-04-06,2022-03-24,-13 day ahead inc hosp,mean,NA,1406,COVID-19
DE-BW,00+,2022-04-06,2022-03-24,-13 day ahead inc hosp,quantile,0.025,1406,COVID-19
DE-BW,00+,2022-04-06,2022-03-24,-13 day ahead inc hosp,quantile,0.1,1406,COVID-19
DE-BW,00+,2022-04-06,2022-03-24,-13 day ahead inc hosp,quantile,0.25,1406,COVID-19
DE-BW,00+,2022-04-06,2022-03-24,-13 day ahead inc hosp,quantile,0.5,1406,COVID-19
DE-BW,00+,2022-04-06,2022-03-24,-13 day ahead inc hosp,quantile,0.75,1406,COVID-19
DE-BW,00+,2022-04-06,2022-03-24,-13 day ahead inc hosp,quantile,0.9,1406,COVID-19
DE-BW,00+,2022-04-06,2022-03-24,-13 day ahead inc hosp,quantile,0.975,1406,COVID-19
DE-BW,00+,2022-04-06,2022-03-25,-12 day ahead inc hosp,mean,NA,1331,COVID-19
DE-BW,00+,2022-04-06,2022-03-25,-12 day ahead inc hosp,quantile,0.025,1331,COVID-19
DE-BW,00+,2022-04-06,2022-03-25,-12 day ahead inc hosp,quantile,0.1,1331,COVID-19
DE-BW,00+,2022-04-06,2022-03-25,-12 day ahead inc hosp,quantile,0.25,1331,COVID-19
DE-BW,00+,2022-04-06,2022-03-25,-12 day ahead inc hosp,quantile,0.5,1331,COVID-19
DE-BW,00+,2022-04-06,2022-03-25,-12 day ahead inc hosp,quantile,0.75,1331,COVID-19
DE-BW,00+,2022-04-06,2022-03-25,-12 day ahead inc hosp,quantile,0.9,1331,COVID-19
DE-BW,00+,2022-04-06,2022-03-25,-12 day ahead inc hosp,quantile,0.975,1331,COVID-19
DE-BW,00+,2022-04-06,2022-03-26,-11 day ahead inc hosp,mean,NA,1273,COVID-19
DE-BW,00+,2022-04-06,2022-03-26,-11 day ahead inc hosp,quantile,0.025,1273,COVID-19
DE-BW,00+,2022-04-06,2022-03-26,-11 day ahead inc hosp,quantile,0.1,1273,COVID-19
DE-BW,00+,2022-04-06,2022-03-26,-11 day ahead inc hosp,quantile,0.25,1273,COVID-19
DE-BW,00+,2022-04-06,2022-03-26,-11 day ahead inc hosp,quantile,0.5,1273,COVID-19
DE-BW,00+,2022-04-06,2022-03-26,-11 day ahead inc hosp,quantile,0.75,1273,COVID-19
DE-BW,00+,2022-04-06,2022-03-26,-11 day ahead inc hosp,quantile,0.9,1273,COVID-19
DE-BW,00+,2022-04-06,2022-03-26,-11 day ahead inc hosp,quantile,0.975,1273,COVID-19
DE-BW,00+,2022-04-06,2022-03-27,-10 day ahead inc hosp,mean,NA,1248,COVID-19
DE-BW,00+,2022-04-06,2022-03-27,-10 day ahead inc hosp,quantile,0.025,1248,COVID-19
DE-BW,00+,2022-04-06,2022-03-27,-10 day ahead inc hosp,quantile,0.1,1248,COVID-19
DE-BW,00+,2022-04-06,2022-03-27,-10 day ahead inc hosp,quantile,0.25,1248,COVID-19
DE-BW,00+,2022-04-06,2022-03-27,-10 day ahead inc hosp,quantile,0.5,1248,COVID-19
DE-BW,00+,2022-04-06,2022-03-27,-10 day ahead inc hosp,quantile,0.75,1248,COVID-19
DE-BW,00+,2022-04-06,2022-03-27,-10 day ahead inc hosp,quantile,0.9,1248,COVID-19
DE-BW,00+,2022-04-06,2022-03-27,-10 day ahead inc hosp,quantile,0.975,1248,COVID-19
DE-BW,00+,2022-04-06,2022-03-28,-9 day ahead inc hosp,mean,NA,1217,COVID-19
DE-BW,00+,2022-04-06,2022-03-28,-9 day ahead inc hosp,quantile,0.025,1217,COVID-19
DE-BW,00+,2022-04-06,2022-03-28,-9 day ahead inc hosp,quantile,0.1,1217,COVID-19
DE-BW,00+,2022-04-06,2022-03-28,-9 day ahead inc hosp,quantile,0.25,1217,COVID-19
DE-BW,00+,2022-04-06,2022-03-28,-9 day ahead inc hosp,quantile,0.5,1217,COVID-19
DE-BW,00+,2022-04-06,2022-03-28,-9 day ahead inc hosp,quantile,0.75,1217,COVID-19
DE-BW,00+,2022-04-06,2022-03-28,-9 day ahead inc hosp,quantile,0.9,1217,COVID-19
DE-BW,00+,2022-04-06,2022-03-28,-9 day ahead inc hosp,quantile,0.975,1217,COVID-19
DE-BW,00+,2022-04-06,2022-03-29,-8 day ahead inc hosp,mean,NA,1207,COVID-19
DE-BW,00+,2022-04-06,2022-03-29,-8 day ahead inc hosp,quantile,0.025,1207,COVID-19
DE-BW,00+,2022-04-06,2022-03-29,-8 day ahead inc hosp,quantile,0.1,1207,COVID-19
DE-BW,00+,2022-04-06,2022-03-29,-8 day ahead inc hosp,quantile,0.25,1207,COVID-19
DE-BW,00+,2022-04-06,2022-03-29,-8 day ahead inc hosp,quantile,0.5,1207,COVID-19
DE-BW,00+,2022-04-06,2022-03-29,-8 day ahead inc hosp,quantile,0.75,1207,COVID-19
DE-BW,00+,2022-04-06,2022-03-29,-8 day ahead inc hosp,quantile,0.9,1207,COVID-19
DE-BW,00+,2022-04-06,2022-03-29,-8 day ahead inc hosp,quantile,0.975,1207,COVID-19
DE-BW,00+,2022-04-06,2022-03-30,-7 day ahead inc hosp,mean,NA,1178,COVID-19
DE-BW,00+,2022-04-06,2022-03-30,-7 day ahead inc hosp,quantile,0.025,1178,COVID-19
DE-BW,00+,2022-04-06,2022-03-30,-7 day ahead inc hosp,quantile,0.1,1178,COVID-19
DE-BW,00+,2022-04-06,2022-03-30,-7 day ahead inc hosp,quantile,0.25,1178,COVID-19
DE-BW,00+,2022-04-06,2022-03-30,-7 day ahead inc hosp,quantile,0.5,1178,COVID-19
DE-BW,00+,2022-04-06,2022-03-30,-7 day ahead inc hosp,quantile,0.75,1178,COVID-19
DE-BW,00+,2022-04-06,2022-03-30,-7 day ahead inc hosp,quantile,0.9,1178,COVID-19
DE-BW,00+,2022-04-06,2022-03-30,-7 day ahead inc hosp,quantile,0.975,1178,COVID-19
DE-BW,00+,2022-04-06,2022-03-31,-6 day ahead inc hosp,mean,NA,1138,COVID-19
DE-BW,00+,2022-04-06,2022-03-31,-6 day ahead inc hosp,quantile,0.025,1138,COVID-19
DE-BW,00+,2022-04-06,2022-03-31,-6 day ahead inc hosp,quantile,0.1,1138,COVID-19
DE-BW,00+,2022-04-06,2022-03-31,-6 day ahead inc hosp,quantile,0.25,1138,COVID-19
DE-BW,00+,2022-04-06,2022-03-31,-6 day ahead inc hosp,quantile,0.5,1138,COVID-19
DE-BW,00+,2022-04-06,2022-03-31,-6 day ahead inc hosp,quantile,0.75,1138,COVID-19
DE-BW,00+,2022-04-06,2022-03-31,-6 day ahead inc hosp,quantile,0.9,1138,COVID-19
DE-BW,00+,2022-04-06,2022-03-31,-6 day ahead inc hosp,quantile,0.975,1138,COVID-19
DE-BW,00+,2022-04-06,2022-04-01,-5 day ahead inc hosp,mean,NA,1097,COVID-19
DE-BW,00+,2022-04-06,2022-04-01,-5 day ahead inc hosp,quantile,0.025,1097,COVID-19
DE-BW,00+,2022-04-06,2022-04-01,-5 day ahead inc hosp,quantile,0.1,1097,COVID-19
DE-BW,00+,2022-04-06,2022-04-01,-5 day ahead inc hosp,quantile,0.25,1097,COVID-19
DE-BW,00+,2022-04-06,2022-04-01,-5 day ahead inc hosp,quantile,0.5,1097,COVID-19
DE-BW,00+,2022-04-06,2022-04-01,-5 day ahead inc hosp,quantile,0.75,1097,COVID-19
DE-BW,00+,2022-04-06,2022-04-01,-5 day ahead inc hosp,quantile,0.9,1097,COVID-19
DE-BW,00+,2022-04-06,2022-04-01,-5 day ahead inc hosp,quantile,0.975,1097,COVID-19
DE-BW,00+,2022-04-06,2022-04-02,-4 day ahead inc hosp,mean,NA,1056,COVID-19
DE-BW,00+,2022-04-06,2022-04-02,-4 day ahead inc hosp,quantile,0.025,1056,COVID-19
DE-BW,00+,2022-04-06,2022-04-02,-4 day ahead inc hosp,quantile,0.1,1056,COVID-19
DE-BW,00+,2022-04-06,2022-04-02,-4 day ahead inc hosp,quantile,0.25,1056,COVID-19
DE-BW,00+,2022-04-06,2022-04-02,-4 day ahead inc hosp,quantile,0.5,1056,COVID-19
DE-BW,00+,2022-04-06,2022-04-02,-4 day ahead inc hosp,quantile,0.75,1056,COVID-19
DE-BW,00+,2022-04-06,2022-04-02,-4 day ahead inc hosp,quantile,0.9,1056,COVID-19
DE-BW,00+,2022-04-06,2022-04-02,-4 day ahead inc hosp,quantile,0.975,1056,COVID-19
DE-BW,00+,2022-04-06,2022-04-03,-3 day ahead inc hosp,mean,NA,1017,COVID-19
DE-BW,00+,2022-04-06,2022-04-03,-3 day ahead inc hosp,quantile,0.025,1017,COVID-19
DE-BW,00+,2022-04-06,2022-04-03,-3 day ahead inc hosp,quantile,0.1,1017,COVID-19
DE-BW,00+,2022-04-06,2022-04-03,-3 day ahead inc hosp,quantile,0.25,1017,COVID-19
DE-BW,00+,2022-04-06,2022-04-03,-3 day ahead inc hosp,quantile,0.5,1017,COVID-19
DE-BW,00+,2022-04-06,2022-04-03,-3 day ahead inc hosp,quantile,0.75,1017,COVID-19
DE-BW,00+,2022-04-06,2022-04-03,-3 day ahead inc hosp,quantile,0.9,1017,COVID-19
DE-BW,00+,2022-04-06,2022-04-03,-3 day ahead inc hosp,quantile,0.975,1017,COVID-19
DE-BW,00+,2022-04-06,2022-04-04,-2 day ahead inc hosp,mean,NA,991,COVID-19
DE-BW,00+,2022-04-06,2022-04-04,-2 day ahead inc hosp,quantile,0.025,991,COVID-19
DE-BW,00+,2022-04-06,2022-04-04,-2 day ahead inc hosp,quantile,0.1,991,COVID-19
DE-BW,00+,2022-04-06,2022-04-04,-2 day ahead inc hosp,quantile,0.25,991,COVID-19
DE-BW,00+,2022-04-06,2022-04-04,-2 day ahead inc hosp,quantile,0.5,991,COVID-19
DE-BW,00+,2022-04-06,2022-04-04,-2 day ahead inc hosp,quantile,0.75,991,COVID-19
DE-BW,00+,2022-04-06,2022-04-04,-2 day ahead inc hosp,quantile,0.9,991,COVID-19
DE-BW,00+,2022-04-06,2022-04-04,-2 day ahead inc hosp,quantile,0.975,991,COVID-19
DE-BW,00+,2022-04-06,2022-04-05,-1 day ahead inc hosp,mean,NA,913,COVID-19
DE-BW,00+,2022-04-06,2022-04-05,-1 day ahead inc hosp,quantile,0.025,913,COVID-19
DE-BW,00+,2022-04-06,2022-04-05,-1 day ahead inc hosp,quantile,0.1,913,COVID-19
DE-BW,00+,2022-04-06,2022-04-05,-1 day ahead inc hosp,quantile,0.25,913,COVID-19
DE-BW,00+,2022-04-06,2022-04-05,-1 day ahead inc hosp,quantile,0.5,913,COVID-19
DE-BW,00+,2022-04-06,2022-04-05,-1 day ahead inc hosp,quantile,0.75,913,COVID-19
DE-BW,00+,2022-04-06,2022-04-05,-1 day ahead inc hosp,quantile,0.9,913,COVID-19
DE-BW,00+,2022-04-06,2022-04-05,-1 day ahead inc hosp,quantile,0.975,913,COVID-19
DE-BW,00+,2022-04-06,2022-04-06,0 day ahead inc hosp,mean,NA,745,COVID-19
DE-BW,00+,2022-04-06,2022-04-06,0 day ahead inc hosp,quantile,0.025,745,COVID-19
DE-BW,00+,2022-04-06,2022-04-06,0 day ahead inc hosp,quantile,0.1,745,COVID-19
DE-BW,00+,2022-04-06,2022-04-06,0 day ahead inc hosp,quantile,0.25,745,COVID-19
DE-BW,00+,2022-04-06,2022-04-06,0 day ahead inc hosp,quantile,0.5,745,COVID-19
DE-BW,00+,2022-04-06,2022-04-06,0 day ahead inc hosp,quantile,0.75,745,COVID-19
DE-BW,00+,2022-04-06,2022-04-06,0 day ahead inc hosp,quantile,0.9,745,COVID-19
DE-BW,00+,2022-04-06,2022-04-06,0 day ahead inc hosp,quantile,0.975,745,COVID-19
DE-BY,00+,2022-04-06,2022-03-09,-28 day ahead inc hosp,mean,NA,1706,COVID-19
DE-BY,00+,2022-04-06,2022-03-09,-28 day ahead inc hosp,quantile,0.025,1706,COVID-19
DE-BY,00+,2022-04-06,2022-03-09,-28 day ahead inc hosp,quantile,0.1,1706,COVID-19
DE-BY,00+,2022-04-06,2022-03-09,-28 day ahead inc hosp,quantile,0.25,1706,COVID-19
DE-BY,00+,2022-04-06,2022-03-09,-28 day ahead inc hosp,quantile,0.5,1706,COVID-19
DE-BY,00+,2022-04-06,2022-03-09,-28 day ahead inc hosp,quantile,0.75,1706,COVID-19
DE-BY,00+,2022-04-06,2022-03-09,-28 day ahead inc hosp,quantile,0.9,1706,COVID-19
DE-BY,00+,2022-04-06,2022-03-09,-28 day ahead inc hosp,quantile,0.975,1706,COVID-19
DE-BY,00+,2022-04-06,2022-03-10,-27 day ahead inc hosp,mean,NA,1699,COVID-19
DE-BY,00+,2022-04-06,2022-03-10,-27 day ahead inc hosp,quantile,0.025,1699,COVID-19
DE-BY,00+,2022-04-06,2022-03-10,-27 day ahead inc hosp,quantile,0.1,1699,COVID-19
DE-BY,00+,2022-04-06,2022-03-10,-27 day ahead inc hosp,quantile,0.25,1699,COVID-19
DE-BY,00+,2022-04-06,2022-03-10,-27 day ahead inc hosp,quantile,0.5,1699,COVID-19
DE-BY,00+,2022-04-06,2022-03-10,-27 day ahead inc hosp,quantile,0.75,1699,COVID-19
DE-BY,00+,2022-04-06,2022-03-10,-27 day ahead inc hosp,quantile,0.9,1699,COVID-19
DE-BY,00+,2022-04-06,2022-03-10,-27 day ahead inc hosp,quantile,0.975,1699,COVID-19
DE-BY,00+,2022-04-06,2022-03-11,-26 day ahead inc hosp,mean,NA,1758,COVID-19
DE-BY,00+,2022-04-06,2022-03-11,-26 day ahead inc hosp,quantile,0.025,1758,COVID-19
DE-BY,00+,2022-04-06,2022-03-11,-26 day ahead inc hosp,quantile,0.1,1758,COVID-19
DE-BY,00+,2022-04-06,2022-03-11,-26 day ahead inc hosp,quantile,0.25,1758,COVID-19
DE-BY,00+,2022-04-06,2022-03-11,-26 day ahead inc hosp,quantile,0.5,1758,COVID-19
DE-BY,00+,2022-04-06,2022-03-11,-26 day ahead inc hosp,quantile,0.75,1758,COVID-19
DE-BY,00+,2022-04-06,2022-03-11,-26 day ahead inc hosp,quantile,0.9,1758,COVID-19
DE-BY,00+,2022-04-06,2022-03-11,-26 day ahead inc hosp,quantile,0.975,1758,COVID-19
DE-BY,00+,2022-04-06,2022-03-12,-25 day ahead inc hosp,mean,NA,1803,COVID-19
DE-BY,00+,2022-04-06,2022-03-12,-25 day ahead inc hosp,quantile,0.025,1803,COVID-19
DE-BY,00+,2022-04-06,2022-03-12,-25 day ahead inc hosp,quantile,0.1,1803,COVID-19
DE-BY,00+,2022-04-06,2022-03-12,-25 day ahead inc hosp,quantile,0.25,1803,COVID-19
DE-BY,00+,2022-04-06,2022-03-12,-25 day ahead inc hosp,quantile,0.5,1803,COVID-19
DE-BY,00+,2022-04-06,2022-03-12,-25 day ahead inc hosp,quantile,0.75,1803,COVID-19
DE-BY,00+,2022-04-06,2022-03-12,-25 day ahead inc hosp,quantile,0.9,1803,COVID-19
DE-BY,00+,2022-04-06,2022-03-12,-25 day ahead inc hosp,quantile,0.975,1803,COVID-19
DE-BY,00+,2022-04-06,2022-03-13,-24 day ahead inc hosp,mean,NA,1824,COVID-19
DE-BY,00+,2022-04-06,2022-03-13,-24 day ahead inc hosp,quantile,0.025,1824,COVID-19
DE-BY,00+,2022-04-06,2022-03-13,-24 day ahead inc hosp,quantile,0.1,1824,COVID-19
DE-BY,00+,2022-04-06,2022-03-13,-24 day ahead inc hosp,quantile,0.25,1824,COVID-19
DE-BY,00+,2022-04-06,2022-03-13,-24 day ahead inc hosp,quantile,0.5,1824,COVID-19
DE-BY,00+,2022-04-06,2022-03-13,-24 day ahead inc hosp,quantile,0.75,1824,COVID-19
DE-BY,00+,2022-04-06,2022-03-13,-24 day ahead inc hosp,quantile,0.9,1824,COVID-19
DE-BY,00+,2022-04-06,2022-03-13,-24 day ahead inc hosp,quantile,0.975,1824,COVID-19
DE-BY,00+,2022-04-06,2022-03-14,-23 day ahead inc hosp,mean,NA,1852,COVID-19
DE-BY,00+,2022-04-06,2022-03-14,-23 day ahead inc hosp,quantile,0.025,1852,COVID-19
DE-BY,00+,2022-04-06,2022-03-14,-23 day ahead inc hosp,quantile,0.1,1852,COVID-19
DE-BY,00+,2022-04-06,2022-03-14,-23 day ahead inc hosp,quantile,0.25,1852,COVID-19
DE-BY,00+,2022-04-06,2022-03-14,-23 day ahead inc hosp,quantile,0.5,1852,COVID-19
DE-BY,00+,2022-04-06,2022-03-14,-23 day ahead inc hosp,quantile,0.75,1852,COVID-19
DE-BY,00+,2022-04-06,2022-03-14,-23 day ahead inc hosp,quantile,0.9,1852,COVID-19
DE-BY,00+,2022-04-06,2022-03-14,-23 day ahead inc hosp,quantile,0.975,1852,COVID-19
DE-BY,00+,2022-04-06,2022-03-15,-22 day ahead inc hosp,mean,NA,1896,COVID-19
DE-BY,00+,2022-04-06,2022-03-15,-22 day ahead inc hosp,quantile,0.025,1896,COVID-19
DE-BY,00+,2022-04-06,2022-03-15,-22 day ahead inc hosp,quantile,0.1,1896,COVID-19
DE-BY,00+,2022-04-06,2022-03-15,-22 day ahead inc hosp,quantile,0.25,1896,COVID-19
DE-BY,00+,2022-04-06,2022-03-15,-22 day ahead inc hosp,quantile,0.5,1896,COVID-19
DE-BY,00+,2022-04-06,2022-03-15,-22 day ahead inc hosp,quantile,0.75,1896,COVID-19
DE-BY,00+,2022-04-06,2022-03-15,-22 day ahead inc hosp,quantile,0.9,1896,COVID-19
DE-BY,00+,2022-04-06,2022-03-15,-22 day ahead inc hosp,quantile,0.975,1896,COVID-19
DE-BY,00+,2022-04-06,2022-03-16,-21 day ahead inc hosp,mean,NA,1890,COVID-19
DE-BY,00+,2022-04-06,2022-03-16,-21 day ahead inc hosp,quantile,0.025,1890,COVID-19
DE-BY,00+,2022-04-06,2022-03-16,-21 day ahead inc hosp,quantile,0.1,1890,COVID-19
DE-BY,00+,2022-04-06,2022-03-16,-21 day ahead inc hosp,quantile,0.25,1890,COVID-19
DE-BY,00+,2022-04-06,2022-03-16,-21 day ahead inc hosp,quantile,0.5,1890,COVID-19
DE-BY,00+,2022-04-06,2022-03-16,-21 day ahead inc hosp,quantile,0.75,1890,COVID-19
DE-BY,00+,2022-04-06,2022-03-16,-21 day ahead inc hosp,quantile,0.9,1890,COVID-19
DE-BY,00+,2022-04-06,2022-03-16,-21 day ahead inc hosp,quantile,0.975,1890,COVID-19
DE-BY,00+,2022-04-06,2022-03-17,-20 day ahead inc hosp,mean,NA,1918,COVID-19
DE-BY,00+,2022-04-06,2022-03-17,-20 day ahead inc hosp,quantile,0.025,1918,COVID-19
DE-BY,00+,2022-04-06,2022-03-17,-20 day ahead inc hosp,quantile,0.1,1918,COVID-19
DE-BY,00+,2022-04-06,2022-03-17,-20 day ahead inc hosp,quantile,0.25,1918,COVID-19
DE-BY,00+,2022-04-06,2022-03-17,-20 day ahead inc hosp,quantile,0.5,1918,COVID-19
DE-BY,00+,2022-04-06,2022-03-17,-20 day ahead inc hosp,quantile,0.75,1918,COVID-19
DE-BY,00+,2022-04-06,2022-03-17,-20 day ahead inc hosp,quantile,0.9,1918,COVID-19
DE-BY,00+,2022-04-06,2022-03-17,-20 day ahead inc hosp,quantile,0.975,1918,COVID-19
DE-BY,00+,2022-04-06,2022-03-18,-19 day ahead inc hosp,mean,NA,1901,COVID-19
DE-BY,00+,2022-04-06,2022-03-18,-19 day ahead inc hosp,quantile,0.025,1901,COVID-19
DE-BY,00+,2022-04-06,2022-03-18,-19 day ahead inc hosp,quantile,0.1,1901,COVID-19
DE-BY,00+,2022-04-06,2022-03-18,-19 day ahead inc hosp,quantile,0.25,1901,COVID-19
DE-BY,00+,2022-04-06,2022-03-18,-19 day ahead inc hosp,quantile,0.5,1901,COVID-19
DE-BY,00+,2022-04-06,2022-03-18,-19 day ahead inc hosp,quantile,0.75,1901,COVID-19
DE-BY,00+,2022-04-06,2022-03-18,-19 day ahead inc hosp,quantile,0.9,1901,COVID-19
DE-BY,00+,2022-04-06,2022-03-18,-19 day ahead inc hosp,quantile,0.975,1901,COVID-19
DE-BY,00+,2022-04-06,2022-03-19,-18 day ahead inc hosp,mean,NA,1870,COVID-19
DE-BY,00+,2022-04-06,2022-03-19,-18 day ahead inc hosp,quantile,0.025,1870,COVID-19
DE-BY,00+,2022-04-06,2022-03-19,-18 day ahead inc hosp,quantile,0.1,1870,COVID-19
DE-BY,00+,2022-04-06,2022-03-19,-18 day ahead inc hosp,quantile,0.25,1870,COVID-19
DE-BY,00+,2022-04-06,2022-03-19,-18 day ahead inc hosp,quantile,0.5,1870,COVID-19
DE-BY,00+,2022-04-06,2022-03-19,-18 day ahead inc hosp,quantile,0.75,1870,COVID-19
DE-BY,00+,2022-04-06,2022-03-19,-18 day ahead inc hosp,quantile,0.9,1870,COVID-19
DE-BY,00+,2022-04-06,2022-03-19,-18 day ahead inc hosp,quantile,0.975,1870,COVID-19
DE-BY,00+,2022-04-06,2022-03-20,-17 day ahead inc hosp,mean,NA,1880,COVID-19
DE-BY,00+,2022-04-06,2022-03-20,-17 day ahead inc hosp,quantile,0.025,1880,COVID-19
DE-BY,00+,2022-04-06,2022-03-20,-17 day ahead inc hosp,quantile,0.1,1880,COVID-19
DE-BY,00+,2022-04-06,2022-03-20,-17 day ahead inc hosp,quantile,0.25,1880,COVID-19
DE-BY,00+,2022-04-06,2022-03-20,-17 day ahead inc hosp,quantile,0.5,1880,COVID-19
DE-BY,00+,2022-04-06,2022-03-20,-17 day ahead inc hosp,quantile,0.75,1880,COVID-19
DE-BY,00+,2022-04-06,2022-03-20,-17 day ahead inc hosp,quantile,0.9,1880,COVID-19
DE-BY,00+,2022-04-06,2022-03-20,-17 day ahead inc hosp,quantile,0.975,1880,COVID-19
DE-BY,00+,2022-04-06,2022-03-21,-16 day ahead inc hosp,mean,NA,1856,COVID-19
DE-BY,00+,2022-04-06,2022-03-21,-16 day ahead inc hosp,quantile,0.025,1856,COVID-19
DE-BY,00+,2022-04-06,2022-03-21,-16 day ahead inc hosp,quantile,0.1,1856,COVID-19
DE-BY,00+,2022-04-06,2022-03-21,-16 day ahead inc hosp,quantile,0.25,1856,COVID-19
DE-BY,00+,2022-04-06,2022-03-21,-16 day ahead inc hosp,quantile,0.5,1856,COVID-19
DE-BY,00+,2022-04-06,2022-03-21,-16 day ahead inc hosp,quantile,0.75,1856,COVID-19
DE-BY,00+,2022-04-06,2022-03-21,-16 day ahead inc hosp,quantile,0.9,1856,COVID-19
DE-BY,00+,2022-04-06,2022-03-21,-16 day ahead inc hosp,quantile,0.975,1856,COVID-19
DE-BY,00+,2022-04-06,2022-03-22,-15 day ahead inc hosp,mean,NA,1795,COVID-19
DE-BY,00+,2022-04-06,2022-03-22,-15 day ahead inc hosp,quantile,0.025,1795,COVID-19
DE-BY,00+,2022-04-06,2022-03-22,-15 day ahead inc hosp,quantile,0.1,1795,COVID-19
DE-BY,00+,2022-04-06,2022-03-22,-15 day ahead inc hosp,quantile,0.25,1795,COVID-19
DE-BY,00+,2022-04-06,2022-03-22,-15 day ahead inc hosp,quantile,0.5,1795,COVID-19
DE-BY,00+,2022-04-06,2022-03-22,-15 day ahead inc hosp,quantile,0.75,1795,COVID-19
DE-BY,00+,2022-04-06,2022-03-22,-15 day ahead inc hosp,quantile,0.9,1795,COVID-19
DE-BY,00+,2022-04-06,2022-03-22,-15 day ahead inc hosp,quantile,0.975,1795,COVID-19
DE-BY,00+,2022-04-06,2022-03-23,-14 day ahead inc hosp,mean,NA,1806,COVID-19
DE-BY,00+,2022-04-06,2022-03-23,-14 day ahead inc hosp,quantile,0.025,1806,COVID-19
DE-BY,00+,2022-04-06,2022-03-23,-14 day ahead inc hosp,quantile,0.1,1806,COVID-19
DE-BY,00+,2022-04-06,2022-03-23,-14 day ahead inc hosp,quantile,0.25,1806,COVID-19
DE-BY,00+,2022-04-06,2022-03-23,-14 day ahead inc hosp,quantile,0.5,1806,COVID-19
DE-BY,00+,2022-04-06,2022-03-23,-14 day ahead inc hosp,quantile,0.75,1806,COVID-19
DE-BY,00+,2022-04-06,2022-03-23,-14 day ahead inc hosp,quantile,0.9,1806,COVID-19
DE-BY,00+,2022-04-06,2022-03-23,-14 day ahead inc hosp,quantile,0.975,1806,COVID-19
DE-BY,00+,2022-04-06,2022-03-24,-13 day ahead inc hosp,mean,NA,1741,COVID-19
DE-BY,00+,2022-04-06,2022-03-24,-13 day ahead inc hosp,quantile,0.025,1741,COVID-19
DE-BY,00+,2022-04-06,2022-03-24,-13 day ahead inc hosp,quantile,0.1,1741,COVID-19
DE-BY,00+,2022-04-06,2022-03-24,-13 day ahead inc hosp,quantile,0.25,1741,COVID-19
DE-BY,00+,2022-04-06,2022-03-24,-13 day ahead inc hosp,quantile,0.5,1741,COVID-19
DE-BY,00+,2022-04-06,2022-03-24,-13 day ahead inc hosp,quantile,0.75,1741,COVID-19
DE-BY,00+,2022-04-06,2022-03-24,-13 day ahead inc hosp,quantile,0.9,1741,COVID-19
DE-BY,00+,2022-04-06,2022-03-24,-13 day ahead inc hosp,quantile,0.975,1741,COVID-19
DE-BY,00+,2022-04-06,2022-03-25,-12 day ahead inc hosp,mean,NA,1728,COVID-19
DE-BY,00+,2022-04-06,2022-03-25,-12 day ahead inc hosp,quantile,0.025,1728,COVID-19
DE-BY,00+,2022-04-06,2022-03-25,-12 day ahead inc hosp,quantile,0.1,1728,COVID-19
DE-BY,00+,2022-04-06,2022-03-25,-12 day ahead inc hosp,quantile,0.25,1728,COVID-19
DE-BY,00+,2022-04-06,2022-03-25,-12 day ahead inc hosp,quantile,0.5,1728,COVID-19
DE-BY,00+,2022-04-06,2022-03-25,-12 day ahead inc hosp,quantile,0.75,1728,COVID-19
DE-BY,00+,2022-04-06,2022-03-25,-12 day ahead inc hosp,quantile,0.9,1728,COVID-19
DE-BY,00+,2022-04-06,2022-03-25,-12 day ahead inc hosp,quantile,0.975,1728,COVID-19
DE-BY,00+,2022-04-06,2022-03-26,-11 day ahead inc hosp,mean,NA,1687,COVID-19
DE-BY,00+,2022-04-06,2022-03-26,-11 day ahead inc hosp,quantile,0.025,1687,COVID-19
DE-BY,00+,2022-04-06,2022-03-26,-11 day ahead inc hosp,quantile,0.1,1687,COVID-19
DE-BY,00+,2022-04-06,2022-03-26,-11 day ahead inc hosp,quantile,0.25,1687,COVID-19
DE-BY,00+,2022-04-06,2022-03-26,-11 day ahead inc hosp,quantile,0.5,1687,COVID-19
DE-BY,00+,2022-04-06,2022-03-26,-11 day ahead inc hosp,quantile,0.75,1687,COVID-19
DE-BY,00+,2022-04-06,2022-03-26,-11 day ahead inc hosp,quantile,0.9,1687,COVID-19
DE-BY,00+,2022-04-06,2022-03-26,-11 day ahead inc hosp,quantile,0.975,1687,COVID-19
DE-BY,00+,2022-04-06,2022-03-27,-10 day ahead inc hosp,mean,NA,1624,COVID-19
DE-BY,00+,2022-04-06,2022-03-27,-10 day ahead inc hosp,quantile,0.025,1624,COVID-19
DE-BY,00+,2022-04-06,2022-03-27,-10 day ahead inc hosp,quantile,0.1,1624,COVID-19
DE-BY,00+,2022-04-06,2022-03-27,-10 day ahead inc hosp,quantile,0.25,1624,COVID-19
DE-BY,00+,2022-04-06,2022-03-27,-10 day ahead inc hosp,quantile,0.5,1624,COVID-19
DE-BY,00+,2022-04-06,2022-03-27,-10 day ahead inc hosp,quantile,0.75,1624,COVID-19
DE-BY,00+,2022-04-06,2022-03-27,-10 day ahead inc hosp,quantile,0.9,1624,COVID-19
DE-BY,00+,2022-04-06,2022-03-27,-10 day ahead inc hosp,quantile,0.975,1624,COVID-19
DE-BY,00+,2022-04-06,2022-03-28,-9 day ahead inc hosp,mean,NA,1619,COVID-19
DE-BY,00+,2022-04-06,2022-03-28,-9 day ahead inc hosp,quantile,0.025,1619,COVID-19
DE-BY,00+,2022-04-06,2022-03-28,-9 day ahead inc hosp,quantile,0.1,1619,COVID-19
DE-BY,00+,2022-04-06,2022-03-28,-9 day ahead inc hosp,quantile,0.25,1619,COVID-19
DE-BY,00+,2022-04-06,2022-03-28,-9 day ahead inc hosp,quantile,0.5,1619,COVID-19
DE-BY,00+,2022-04-06,2022-03-28,-9 day ahead inc hosp,quantile,0.75,1619,COVID-19
DE-BY,00+,2022-04-06,2022-03-28,-9 day ahead inc hosp,quantile,0.9,1619,COVID-19
DE-BY,00+,2022-04-06,2022-03-28,-9 day ahead inc hosp,quantile,0.975,1619,COVID-19
DE-BY,00+,2022-04-06,2022-03-29,-8 day ahead inc hosp,mean,NA,1593,COVID-19
DE-BY,00+,2022-04-06,2022-03-29,-8 day ahead inc hosp,quantile,0.025,1593,COVID-19
DE-BY,00+,2022-04-06,2022-03-29,-8 day ahead inc hosp,quantile,0.1,1593,COVID-19
DE-BY,00+,2022-04-06,2022-03-29,-8 day ahead inc hosp,quantile,0.25,1593,COVID-19
DE-BY,00+,2022-04-06,2022-03-29,-8 day ahead inc hosp,quantile,0.5,1593,COVID-19
DE-BY,00+,2022-04-06,2022-03-29,-8 day ahead inc hosp,quantile,0.75,1593,COVID-19
DE-BY,00+,2022-04-06,2022-03-29,-8 day ahead inc hosp,quantile,0.9,1593,COVID-19
DE-BY,00+,2022-04-06,2022-03-29,-8 day ahead inc hosp,quantile,0.975,1593,COVID-19
DE-BY,00+,2022-04-06,2022-03-30,-7 day ahead inc hosp,mean,NA,1509,COVID-19
DE-BY,00+,2022-04-06,2022-03-30,-7 day ahead inc hosp,quantile,0.025,1509,COVID-19
DE-BY,00+,2022-04-06,2022-03-30,-7 day ahead inc hosp,quantile,0.1,1509,COVID-19
DE-BY,00+,2022-04-06,2022-03-30,-7 day ahead inc hosp,quantile,0.25,1509,COVID-19
DE-BY,00+,2022-04-06,2022-03-30,-7 day ahead inc hosp,quantile,0.5,1509,COVID-19
DE-BY,00+,2022-04-06,2022-03-30,-7 day ahead inc hosp,quantile,0.75,1509,COVID-19
DE-BY,00+,2022-04-06,2022-03-30,-7 day ahead inc hosp,quantile,0.9,1509,COVID-19
DE-BY,00+,2022-04-06,2022-03-30,-7 day ahead inc hosp,quantile,0.975,1509,COVID-19
DE-BY,00+,2022-04-06,2022-03-31,-6 day ahead inc hosp,mean,NA,1455,COVID-19
DE-BY,00+,2022-04-06,2022-03-31,-6 day ahead inc hosp,quantile,0.025,1455,COVID-19
DE-BY,00+,2022-04-06,2022-03-31,-6 day ahead inc hosp,quantile,0.1,1455,COVID-19
DE-BY,00+,2022-04-06,2022-03-31,-6 day ahead inc hosp,quantile,0.25,1455,COVID-19
DE-BY,00+,2022-04-06,2022-03-31,-6 day ahead inc hosp,quantile,0.5,1455,COVID-19
DE-BY,00+,2022-04-06,2022-03-31,-6 day ahead inc hosp,quantile,0.75,1455,COVID-19
DE-BY,00+,2022-04-06,2022-03-31,-6 day ahead inc hosp,quantile,0.9,1455,COVID-19
DE-BY,00+,2022-04-06,2022-03-31,-6 day ahead inc hosp,quantile,0.975,1455,COVID-19
DE-BY,00+,2022-04-06,2022-04-01,-5 day ahead inc hosp,mean,NA,1376,COVID-19
DE-BY,00+,2022-04-06,2022-04-01,-5 day ahead inc hosp,quantile,0.025,1376,COVID-19
DE-BY,00+,2022-04-06,2022-04-01,-5 day ahead inc hosp,quantile,0.1,1376,COVID-19
DE-BY,00+,2022-04-06,2022-04-01,-5 day ahead inc hosp,quantile,0.25,1376,COVID-19
DE-BY,00+,2022-04-06,2022-04-01,-5 day ahead inc hosp,quantile,0.5,1376,COVID-19
DE-BY,00+,2022-04-06,2022-04-01,-5 day ahead inc hosp,quantile,0.75,1376,COVID-19
DE-BY,00+,2022-04-06,2022-04-01,-5 day ahead inc hosp,quantile,0.9,1376,COVID-19
DE-BY,00+,2022-04-06,2022-04-01,-5 day ahead inc hosp,quantile,0.975,1376,COVID-19
DE-BY,00+,2022-04-06,2022-04-02,-4 day ahead inc hosp,mean,NA,1288,COVID-19
DE-BY,00+,2022-04-06,2022-04-02,-4 day ahead inc hosp,quantile,0.025,1288,COVID-19
DE-BY,00+,2022-04-06,2022-04-02,-4 day ahead inc hosp,quantile,0.1,1288,COVID-19
DE-BY,00+,2022-04-06,2022-04-02,-4 day ahead inc hosp,quantile,0.25,1288,COVID-19
DE-BY,00+,2022-04-06,2022-04-02,-4 day ahead inc hosp,quantile,0.5,1288,COVID-19
DE-BY,00+,2022-04-06,2022-04-02,-4 day ahead inc hosp,quantile,0.75,1288,COVID-19
DE-BY,00+,2022-04-06,2022-04-02,-4 day ahead inc hosp,quantile,0.9,1288,COVID-19
DE-BY,00+,2022-04-06,2022-04-02,-4 day ahead inc hosp,quantile,0.975,1288,COVID-19
DE-BY,00+,2022-04-06,2022-04-03,-3 day ahead inc hosp,mean,NA,1254,COVID-19
DE-BY,00+,2022-04-06,2022-04-03,-3 day ahead inc hosp,quantile,0.025,1254,COVID-19
DE-BY,00+,2022-04-06,2022-04-03,-3 day ahead inc hosp,quantile,0.1,1254,COVID-19
DE-BY,00+,2022-04-06,2022-04-03,-3 day ahead inc hosp,quantile,0.25,1254,COVID-19
DE-BY,00+,2022-04-06,2022-04-03,-3 day ahead inc hosp,quantile,0.5,1254,COVID-19
DE-BY,00+,2022-04-06,2022-04-03,-3 day ahead inc hosp,quantile,0.75,1254,COVID-19
DE-BY,00+,2022-04-06,2022-04-03,-3 day ahead inc hosp,quantile,0.9,1254,COVID-19
DE-BY,00+,2022-04-06,2022-04-03,-3 day ahead inc hosp,quantile,0.975,1254,COVID-19
DE-BY,00+,2022-04-06,2022-04-04,-2 day ahead inc hosp,mean,NA,1199,COVID-19
DE-BY,00+,2022-04-06,2022-04-04,-2 day ahead inc hosp,quantile,0.025,1199,COVID-19
DE-BY,00+,2022-04-06,2022-04-04,-2 day ahead inc hosp,quantile,0.1,1199,COVID-19
DE-BY,00+,2022-04-06,2022-04-04,-2 day ahead inc hosp,quantile,0.25,1199,COVID-19
DE-BY,00+,2022-04-06,2022-04-04,-2 day ahead inc hosp,quantile,0.5,1199,COVID-19
DE-BY,00+,2022-04-06,2022-04-04,-2 day ahead inc hosp,quantile,0.75,1199,COVID-19
DE-BY,00+,2022-04-06,2022-04-04,-2 day ahead inc hosp,quantile,0.9,1199,COVID-19
DE-BY,00+,2022-04-06,2022-04-04,-2 day ahead inc hosp,quantile,0.975,1199,COVID-19
DE-BY,00+,2022-04-06,2022-04-05,-1 day ahead inc hosp,mean,NA,1083,COVID-19
DE-BY,00+,2022-04-06,2022-04-05,-1 day ahead inc hosp,quantile,0.025,1083,COVID-19
DE-BY,00+,2022-04-06,2022-04-05,-1 day ahead inc hosp,quantile,0.1,1083,COVID-19
DE-BY,00+,2022-04-06,2022-04-05,-1 day ahead inc hosp,quantile,0.25,1083,COVID-19
DE-BY,00+,2022-04-06,2022-04-05,-1 day ahead inc hosp,quantile,0.5,1083,COVID-19
DE-BY,00+,2022-04-06,2022-04-05,-1 day ahead inc hosp,quantile,0.75,1083,COVID-19
DE-BY,00+,2022-04-06,2022-04-05,-1 day ahead inc hosp,quantile,0.9,1083,COVID-19
DE-BY,00+,2022-04-06,2022-04-05,-1 day ahead inc hosp,quantile,0.975,1083,COVID-19
DE-BY,00+,2022-04-06,2022-04-06,0 day ahead inc hosp,mean,NA,906,COVID-19
DE-BY,00+,2022-04-06,2022-04-06,0 day ahead inc hosp,quantile,0.025,906,COVID-19
DE-BY,00+,2022-04-06,2022-04-06,0 day ahead inc hosp,quantile,0.1,906,COVID-19
DE-BY,00+,2022-04-06,2022-04-06,0 day ahead inc hosp,quantile,0.25,906,COVID-19
DE-BY,00+,2022-04-06,2022-04-06,0 day ahead inc hosp,quantile,0.5,906,COVID-19
DE-BY,00+,2022-04-06,2022-04-06,0 day ahead inc hosp,quantile,0.75,906,COVID-19
DE-BY,00+,2022-04-06,2022-04-06,0 day ahead inc hosp,quantile,0.9,906,COVID-19
DE-BY,00+,2022-04-06,2022-04-06,0 day ahead inc hosp,quantile,0.975,906,COVID-19
DE-HB,00+,2022-04-06,2022-03-09,-28 day ahead inc hosp,mean,NA,23,COVID-19
DE-HB,00+,2022-04-06,2022-03-09,-28 day ahead inc hosp,quantile,0.025,23,COVID-19
DE-HB,00+,2022-04-06,2022-03-09,-28 day ahead inc hosp,quantile,0.1,23,COVID-19
DE-HB,00+,2022-04-06,2022-03-09,-28 day ahead inc hosp,quantile,0.25,23,COVID-19
DE-HB,00+,2022-04-06,2022-03-09,-28 day ahead inc hosp,quantile,0.5,23,COVID-19
DE-HB,00+,2022-04-06,2022-03-09,-28 day ahead inc hosp,quantile,0.75,23,COVID-19
DE-HB,00+,2022-04-06,2022-03-09,-28 day ahead inc hosp,quantile,0.9,23,COVID-19
DE-HB,00+,2022-04-06,2022-03-09,-28 day ahead inc hosp,quantile,0.975,23,COVID-19
DE-HB,00+,2022-04-06,2022-03-10,-27 day ahead inc hosp,mean,NA,29,COVID-19
DE-HB,00+,2022-04-06,2022-03-10,-27 day ahead inc hosp,quantile,0.025,29,COVID-19
DE-HB,00+,2022-04-06,2022-03-10,-27 day ahead inc hosp,quantile,0.1,29,COVID-19
DE-HB,00+,2022-04-06,2022-03-10,-27 day ahead inc hosp,quantile,0.25,29,COVID-19
DE-HB,00+,2022-04-06,2022-03-10,-27 day ahead inc hosp,quantile,0.5,29,COVID-19
DE-HB,00+,2022-04-06,2022-03-10,-27 day ahead inc hosp,quantile,0.75,29,COVID-19
DE-HB,00+,2022-04-06,2022-03-10,-27 day ahead inc hosp,quantile,0.9,29,COVID-19
DE-HB,00+,2022-04-06,2022-03-10,-27 day ahead inc hosp,quantile,0.975,29,COVID-19
DE-HB,00+,2022-04-06,2022-03-11,-26 day ahead inc hosp,mean,NA,30,COVID-19
DE-HB,00+,2022-04-06,2022-03-11,-26 day ahead inc hosp,quantile,0.025,30,COVID-19
DE-HB,00+,2022-04-06,2022-03-11,-26 day ahead inc hosp,quantile,0.1,30,COVID-19
DE-HB,00+,2022-04-06,2022-03-11,-26 day ahead inc hosp,quantile,0.25,30,COVID-19
DE-HB,00+,2022-04-06,2022-03-11,-26 day ahead inc hosp,quantile,0.5,30,COVID-19
DE-HB,00+,2022-04-06,2022-03-11,-26 day ahead inc hosp,quantile,0.75,30,COVID-19
DE-HB,00+,2022-04-06,2022-03-11,-26 day ahead inc hosp,quantile,0.9,30,COVID-19
DE-HB,00+,2022-04-06,2022-03-11,-26 day ahead inc hosp,quantile,0.975,30,COVID-19
DE-HB,00+,2022-04-06,2022-03-12,-25 day ahead inc hosp,mean,NA,31,COVID-19
DE-HB,00+,2022-04-06,2022-03-12,-25 day ahead inc hosp,quantile,0.025,31,COVID-19
DE-HB,00+,2022-04-06,2022-03-12,-25 day ahead inc hosp,quantile,0.1,31,COVID-19
DE-HB,00+,2022-04-06,2022-03-12,-25 day ahead inc hosp,quantile,0.25,31,COVID-19
DE-HB,00+,2022-04-06,2022-03-12,-25 day ahead inc hosp,quantile,0.5,31,COVID-19
DE-HB,00+,2022-04-06,2022-03-12,-25 day ahead inc hosp,quantile,0.75,31,COVID-19
DE-HB,00+,2022-04-06,2022-03-12,-25 day ahead inc hosp,quantile,0.9,31,COVID-19
DE-HB,00+,2022-04-06,2022-03-12,-25 day ahead inc hosp,quantile,0.975,31,COVID-19
DE-HB,00+,2022-04-06,2022-03-13,-24 day ahead inc hosp,mean,NA,32,COVID-19
DE-HB,00+,2022-04-06,2022-03-13,-24 day ahead inc hosp,quantile,0.025,32,COVID-19
DE-HB,00+,2022-04-06,2022-03-13,-24 day ahead inc hosp,quantile,0.1,32,COVID-19
DE-HB,00+,2022-04-06,2022-03-13,-24 day ahead inc hosp,quantile,0.25,32,COVID-19
DE-HB,00+,2022-04-06,2022-03-13,-24 day ahead inc hosp,quantile,0.5,32,COVID-19
DE-HB,00+,2022-04-06,2022-03-13,-24 day ahead inc hosp,quantile,0.75,32,COVID-19
DE-HB,00+,2022-04-06,2022-03-13,-24 day ahead inc hosp,quantile,0.9,32,COVID-19
DE-HB,00+,2022-04-06,2022-03-13,-24 day ahead inc hosp,quantile,0.975,32,COVID-19
DE-HB,00+,2022-04-06,2022-03-14,-23 day ahead inc hosp,mean,NA,34,COVID-19
DE-HB,00+,2022-04-06,2022-03-14,-23 day ahead inc hosp,quantile,0.025,34,COVID-19
DE-HB,00+,2022-04-06,2022-03-14,-23 day ahead inc hosp,quantile,0.1,34,COVID-19
DE-HB,00+,2022-04-06,2022-03-14,-23 day ahead inc hosp,quantile,0.25,34,COVID-19
DE-HB,00+,2022-04-06,2022-03-14,-23 day ahead inc hosp,quantile,0.5,34,COVID-19
DE-HB,00+,2022-04-06,2022-03-14,-23 day ahead inc hosp,quantile,0.75,34,COVID-19
DE-HB,00+,2022-04-06,2022-03-14,-23 day ahead inc hosp,quantile,0.9,34,COVID-19
DE-HB,00+,2022-04-06,2022-03-14,-23 day ahead inc hosp,quantile,0.975,34,COVID-19
DE-HB,00+,2022-04-06,2022-03-15,-22 day ahead inc hosp,mean,NA,43,COVID-19
DE-HB,00+,2022-04-06,2022-03-15,-22 day ahead inc hosp,quantile,0.025,43,COVID-19
DE-HB,00+,2022-04-06,2022-03-15,-22 day ahead inc hosp,quantile,0.1,43,COVID-19
DE-HB,00+,2022-04-06,2022-03-15,-22 day ahead inc hosp,quantile,0.25,43,COVID-19
DE-HB,00+,2022-04-06,2022-03-15,-22 day ahead inc hosp,quantile,0.5,43,COVID-19
DE-HB,00+,2022-04-06,2022-03-15,-22 day ahead inc hosp,quantile,0.75,43,COVID-19
DE-HB,00+,2022-04-06,2022-03-15,-22 day ahead inc hosp,quantile,0.9,43,COVID-19
DE-HB,00+,2022-04-06,2022-03-15,-22 day ahead inc hosp,quantile,0.975,43,COVID-19
DE-HB,00+,2022-04-06,2022-03-16,-21 day ahead inc hosp,mean,NA,47,COVID-19
DE-HB,00+,2022-04-06,2022-03-16,-21 day ahead inc hosp,quantile,0.025,47,COVID-19
DE-HB,00+,2022-04-06,2022-03-16,-21 day ahead inc hosp,quantile,0.1,47,COVID-19
DE-HB,00+,2022-04-06,2022-03-16,-21 day ahead inc hosp,quantile,0.25,47,COVID-19
DE-HB,00+,2022-04-06,2022-03-16,-21 day ahead inc hosp,quantile,0.5,47,COVID-19
DE-HB,00+,2022-04-06,2022-03-16,-21 day ahead inc hosp,quantile,0.75,47,COVID-19
DE-HB,00+,2022-04-06,2022-03-16,-21 day ahead inc hosp,quantile,0.9,47,COVID-19
DE-HB,00+,2022-04-06,2022-03-16,-21 day ahead inc hosp,quantile,0.975,47,COVID-19
DE-HB,00+,2022-04-06,2022-03-17,-20 day ahead inc hosp,mean,NA,49,COVID-19
DE-HB,00+,2022-04-06,2022-03-17,-20 day ahead inc hosp,quantile,0.025,49,COVID-19
DE-HB,00+,2022-04-06,2022-03-17,-20 day ahead inc hosp,quantile,0.1,49,COVID-19
DE-HB,00+,2022-04-06,2022-03-17,-20 day ahead inc hosp,quantile,0.25,49,COVID-19
DE-HB,00+,2022-04-06,2022-03-17,-20 day ahead inc hosp,quantile,0.5,49,COVID-19
DE-HB,00+,2022-04-06,2022-03-17,-20 day ahead inc hosp,quantile,0.75,49,COVID-19
DE-HB,00+,2022-04-06,2022-03-17,-20 day ahead inc hosp,quantile,0.9,49,COVID-19
DE-HB,00+,2022-04-06,2022-03-17,-20 day ahead inc hosp,quantile,0.975,49,COVID-19
DE-HB,00+,2022-04-06,2022-03-18,-19 day ahead inc hosp,mean,NA,45,COVID-19
DE-HB,00+,2022-04-06,2022-03-18,-19 day ahead inc hosp,quantile,0.025,45,COVID-19
DE-HB,00+,2022-04-06,2022-03-18,-19 day ahead inc hosp,quantile,0.1,45,COVID-19
DE-HB,00+,2022-04-06,2022-03-18,-19 day ahead inc hosp,quantile,0.25,45,COVID-19
DE-HB,00+,2022-04-06,2022-03-18,-19 day ahead inc hosp,quantile,0.5,45,COVID-19
DE-HB,00+,2022-04-06,2022-03-18,-19 day ahead inc hosp,quantile,0.75,45,COVID-19
DE-HB,00+,2022-04-06,2022-03-18,-19 day ahead inc hosp,quantile,0.9,45,COVID-19
DE-HB,00+,2022-04-06,2022-03-18,-19 day ahead inc hosp,quantile,0.975,45,COVID-19
DE-HB,00+,2022-04-06,2022-03-19,-18 day ahead inc hosp,mean,NA,43,COVID-19
DE-HB,00+,2022-04-06,2022-03-19,-18 day ahead inc hosp,quantile,0.025,43,COVID-19
DE-HB,00+,2022-04-06,2022-03-19,-18 day ahead inc hosp,quantile,0.1,43,COVID-19
DE-HB,00+,2022-04-06,2022-03-19,-18 day ahead inc hosp,quantile,0.25,43,COVID-19
DE-HB,00+,2022-04-06,2022-03-19,-18 day ahead inc hosp,quantile,0.5,43,COVID-19
DE-HB,00+,2022-04-06,2022-03-19,-18 day ahead inc hosp,quantile,0.75,43,COVID-19
DE-HB,00+,2022-04-06,2022-03-19,-18 day ahead inc hosp,quantile,0.9,43,COVID-19
DE-HB,00+,2022-04-06,2022-03-19,-18 day ahead inc hosp,quantile,0.975,43,COVID-19
DE-HB,00+,2022-04-06,2022-03-20,-17 day ahead inc hosp,mean,NA,42,COVID-19
DE-HB,00+,2022-04-06,2022-03-20,-17 day ahead inc hosp,quantile,0.025,42,COVID-19
DE-HB,00+,2022-04-06,2022-03-20,-17 day ahead inc hosp,quantile,0.1,42,COVID-19
DE-HB,00+,2022-04-06,2022-03-20,-17 day ahead inc hosp,quantile,0.25,42,COVID-19
DE-HB,00+,2022-04-06,2022-03-20,-17 day ahead inc hosp,quantile,0.5,42,COVID-19
DE-HB,00+,2022-04-06,2022-03-20,-17 day ahead inc hosp,quantile,0.75,42,COVID-19
DE-HB,00+,2022-04-06,2022-03-20,-17 day ahead inc hosp,quantile,0.9,42,COVID-19
DE-HB,00+,2022-04-06,2022-03-20,-17 day ahead inc hosp,quantile,0.975,42,COVID-19
DE-HB,00+,2022-04-06,2022-03-21,-16 day ahead inc hosp,mean,NA,40,COVID-19
DE-HB,00+,2022-04-06,2022-03-21,-16 day ahead inc hosp,quantile,0.025,40,COVID-19
DE-HB,00+,2022-04-06,2022-03-21,-16 day ahead inc hosp,quantile,0.1,40,COVID-19
DE-HB,00+,2022-04-06,2022-03-21,-16 day ahead inc hosp,quantile,0.25,40,COVID-19
DE-HB,00+,2022-04-06,2022-03-21,-16 day ahead inc hosp,quantile,0.5,40,COVID-19
DE-HB,00+,2022-04-06,2022-03-21,-16 day ahead inc hosp,quantile,0.75,40,COVID-19
DE-HB,00+,2022-04-06,2022-03-21,-16 day ahead inc hosp,quantile,0.9,40,COVID-19
DE-HB,00+,2022-04-06,2022-03-21,-16 day ahead inc hosp,quantile,0.975,40,COVID-19
DE-HB,00+,2022-04-06,2022-03-22,-15 day ahead inc hosp,mean,NA,37,COVID-19
DE-HB,00+,2022-04-06,2022-03-22,-15 day ahead inc hosp,quantile,0.025,37,COVID-19
DE-HB,00+,2022-04-06,2022-03-22,-15 day ahead inc hosp,quantile,0.1,37,COVID-19
DE-HB,00+,2022-04-06,2022-03-22,-15 day ahead inc hosp,quantile,0.25,37,COVID-19
DE-HB,00+,2022-04-06,2022-03-22,-15 day ahead inc hosp,quantile,0.5,37,COVID-19
DE-HB,00+,2022-04-06,2022-03-22,-15 day ahead inc hosp,quantile,0.75,37,COVID-19
DE-HB,00+,2022-04-06,2022-03-22,-15 day ahead inc hosp,quantile,0.9,37,COVID-19
DE-HB,00+,2022-04-06,2022-03-22,-15 day ahead inc hosp,quantile,0.975,37,COVID-19
DE-HB,00+,2022-04-06,2022-03-23,-14 day ahead inc hosp,mean,NA,35,COVID-19
DE-HB,00+,2022-04-06,2022-03-23,-14 day ahead inc hosp,quantile,0.025,35,COVID-19
DE-HB,00+,2022-04-06,2022-03-23,-14 day ahead inc hosp,quantile,0.1,35,COVID-19
DE-HB,00+,2022-04-06,2022-03-23,-14 day ahead inc hosp,quantile,0.25,35,COVID-19
DE-HB,00+,2022-04-06,2022-03-23,-14 day ahead inc hosp,quantile,0.5,35,COVID-19
DE-HB,00+,2022-04-06,2022-03-23,-14 day ahead inc hosp,quantile,0.75,35,COVID-19
DE-HB,00+,2022-04-06,2022-03-23,-14 day ahead inc hosp,quantile,0.9,35,COVID-19
DE-HB,00+,2022-04-06,2022-03-23,-14 day ahead inc hosp,quantile,0.975,35,COVID-19
DE-HB,00+,2022-04-06,2022-03-24,-13 day ahead inc hosp,mean,NA,39,COVID-19
DE-HB,00+,2022-04-06,2022-03-24,-13 day ahead inc hosp,quantile,0.025,39,COVID-19
DE-HB,00+,2022-04-06,2022-03-24,-13 day ahead inc hosp,quantile,0.1,39,COVID-19
DE-HB,00+,2022-04-06,2022-03-24,-13 day ahead inc hosp,quantile,0.25,39,COVID-19
DE-HB,00+,2022-04-06,2022-03-24,-13 day ahead inc hosp,quantile,0.5,39,COVID-19
DE-HB,00+,2022-04-06,2022-03-24,-13 day ahead inc hosp,quantile,0.75,39,COVID-19
DE-HB,00+,2022-04-06,2022-03-24,-13 day ahead inc hosp,quantile,0.9,39,COVID-19
DE-HB,00+,2022-04-06,2022-03-24,-13 day ahead inc hosp,quantile,0.975,39,COVID-19
DE-HB,00+,2022-04-06,2022-03-25,-12 day ahead inc hosp,mean,NA,45,COVID-19
DE-HB,00+,2022-04-06,2022-03-25,-12 day ahead inc hosp,quantile,0.025,45,COVID-19
DE-HB,00+,2022-04-06,2022-03-25,-12 day ahead inc hosp,quantile,0.1,45,COVID-19
DE-HB,00+,2022-04-06,2022-03-25,-12 day ahead inc hosp,quantile,0.25,45,COVID-19
DE-HB,00+,2022-04-06,2022-03-25,-12 day ahead inc hosp,quantile,0.5,45,COVID-19
DE-HB,00+,2022-04-06,2022-03-25,-12 day ahead inc hosp,quantile,0.75,45,COVID-19
DE-HB,00+,2022-04-06,2022-03-25,-12 day ahead inc hosp,quantile,0.9,45,COVID-19
DE-HB,00+,2022-04-06,2022-03-25,-12 day ahead inc hosp,quantile,0.975,45,COVID-19
DE-HB,00+,2022-04-06,2022-03-26,-11 day ahead inc hosp,mean,NA,43,COVID-19
DE-HB,00+,2022-04-06,2022-03-26,-11 day ahead inc hosp,quantile,0.025,43,COVID-19
DE-HB,00+,2022-04-06,2022-03-26,-11 day ahead inc hosp,quantile,0.1,43,COVID-19
DE-HB,00+,2022-04-06,2022-03-26,-11 day ahead inc hosp,quantile,0.25,43,COVID-19
DE-HB,00+,2022-04-06,2022-03-26,-11 day ahead inc hosp,quantile,0.5,43,COVID-19
DE-HB,00+,2022-04-06,2022-03-26,-11 day ahead inc hosp,quantile,0.75,43,COVID-19
DE-HB,00+,2022-04-06,2022-03-26,-11 day ahead inc hosp,quantile,0.9,43,COVID-19
DE-HB,00+,2022-04-06,2022-03-26,-11 day ahead inc hosp,quantile,0.975,43,COVID-19
DE-HB,00+,2022-04-06,2022-03-27,-10 day ahead inc hosp,mean,NA,44,COVID-19
DE-HB,00+,2022-04-06,2022-03-27,-10 day ahead inc hosp,quantile,0.025,44,COVID-19
DE-HB,00+,2022-04-06,2022-03-27,-10 day ahead inc hosp,quantile,0.1,44,COVID-19
DE-HB,00+,2022-04-06,2022-03-27,-10 day ahead inc hosp,quantile,0.25,44,COVID-19
DE-HB,00+,2022-04-06,2022-03-27,-10 day ahead inc hosp,quantile,0.5,44,COVID-19
DE-HB,00+,2022-04-06,2022-03-27,-10 day ahead inc hosp,quantile,0.75,44,COVID-19
DE-HB,00+,2022-04-06,2022-03-27,-10 day ahead inc hosp,quantile,0.9,44,COVID-19
DE-HB,00+,2022-04-06,2022-03-27,-10 day ahead inc hosp,quantile,0.975,44,COVID-19
DE-HB,00+,2022-04-06,2022-03-28,-9 day ahead inc hosp,mean,NA,44,COVID-19
DE-HB,00+,2022-04-06,2022-03-28,-9 day ahead inc hosp,quantile,0.025,44,COVID-19
DE-HB,00+,2022-04-06,2022-03-28,-9 day ahead inc hosp,quantile,0.1,44,COVID-19
DE-HB,00+,2022-04-06,2022-03-28,-9 day ahead inc hosp,quantile,0.25,44,COVID-19
DE-HB,00+,2022-04-06,2022-03-28,-9 day ahead inc hosp,quantile,0.5,44,COVID-19
DE-HB,00+,2022-04-06,2022-03-28,-9 day ahead inc hosp,quantile,0.75,44,COVID-19
DE-HB,00+,2022-04-06,2022-03-28,-9 day ahead inc hosp,quantile,0.9,44,COVID-19
DE-HB,00+,2022-04-06,2022-03-28,-9 day ahead inc hosp,quantile,0.975,44,COVID-19
DE-HB,00+,2022-04-06,2022-03-29,-8 day ahead inc hosp,mean,NA,36,COVID-19
DE-HB,00+,2022-04-06,2022-03-29,-8 day ahead inc hosp,quantile,0.025,36,COVID-19
DE-HB,00+,2022-04-06,2022-03-29,-8 day ahead inc hosp,quantile,0.1,36,COVID-19
DE-HB,00+,2022-04-06,2022-03-29,-8 day ahead inc hosp,quantile,0.25,36,COVID-19
DE-HB,00+,2022-04-06,2022-03-29,-8 day ahead inc hosp,quantile,0.5,36,COVID-19
DE-HB,00+,2022-04-06,2022-03-29,-8 day ahead inc hosp,quantile,0.75,36,COVID-19
DE-HB,00+,2022-04-06,2022-03-29,-8 day ahead inc hosp,quantile,0.9,36,COVID-19
DE-HB,00+,2022-04-06,2022-03-29,-8 day ahead inc hosp,quantile,0.975,36,COVID-19
DE-HB,00+,2022-04-06,2022-03-30,-7 day ahead inc hosp,mean,NA,35,COVID-19
DE-HB,00+,2022-04-06,2022-03-30,-7 day ahead inc hosp,quantile,0.025,35,COVID-19
DE-HB,00+,2022-04-06,2022-03-30,-7 day ahead inc hosp,quantile,0.1,35,COVID-19
DE-HB,00+,2022-04-06,2022-03-30,-7 day ahead inc hosp,quantile,0.25,35,COVID-19
DE-HB,00+,2022-04-06,2022-03-30,-7 day ahead inc hosp,quantile,0.5,35,COVID-19
DE-HB,00+,2022-04-06,2022-03-30,-7 day ahead inc hosp,quantile,0.75,35,COVID-19
DE-HB,00+,2022-04-06,2022-03-30,-7 day ahead inc hosp,quantile,0.9,35,COVID-19
DE-HB,00+,2022-04-06,2022-03-30,-7 day ahead inc hosp,quantile,0.975,35,COVID-19
DE-HB,00+,2022-04-06,2022-03-31,-6 day ahead inc hosp,mean,NA,25,COVID-19
DE-HB,00+,2022-04-06,2022-03-31,-6 day ahead inc hosp,quantile,0.025,25,COVID-19
DE-HB,00+,2022-04-06,2022-03-31,-6 day ahead inc hosp,quantile,0.1,25,COVID-19
DE-HB,00+,2022-04-06,2022-03-31,-6 day ahead inc hosp,quantile,0.25,25,COVID-19
DE-HB,00+,2022-04-06,2022-03-31,-6 day ahead inc hosp,quantile,0.5,25,COVID-19
DE-HB,00+,2022-04-06,2022-03-31,-6 day ahead inc hosp,quantile,0.75,25,COVID-19
DE-HB,00+,2022-04-06,2022-03-31,-6 day ahead inc hosp,quantile,0.9,25,COVID-19
DE-HB,00+,2022-04-06,2022-03-31,-6 day ahead inc hosp,quantile,0.975,25,COVID-19
DE-HB,00+,2022-04-06,2022-04-01,-5 day ahead inc hosp,mean,NA,24,COVID-19
DE-HB,00+,2022-04-06,2022-04-01,-5 day ahead inc hosp,quantile,0.025,24,COVID-19
DE-HB,00+,2022-04-06,2022-04-01,-5 day ahead inc hosp,quantile,0.1,24,COVID-19
DE-HB,00+,2022-04-06,2022-04-01,-5 day ahead inc hosp,quantile,0.25,24,COVID-19
DE-HB,00+,2022-04-06,2022-04-01,-5 day ahead inc hosp,quantile,0.5,24,COVID-19
DE-HB,00+,2022-04-06,2022-04-01,-5 day ahead inc hosp,quantile,0.75,24,COVID-19
DE-HB,00+,2022-04-06,2022-04-01,-5 day ahead inc hosp,quantile,0.9,24,COVID-19
DE-HB,00+,2022-04-06,2022-04-01,-5 day ahead inc hosp,quantile,0.975,24,COVID-19
DE-HB,00+,2022-04-06,2022-04-02,-4 day ahead inc hosp,mean,NA,25,COVID-19
DE-HB,00+,2022-04-06,2022-04-02,-4 day ahead inc hosp,quantile,0.025,25,COVID-19
DE-HB,00+,2022-04-06,2022-04-02,-4 day ahead inc hosp,quantile,0.1,25,COVID-19
DE-HB,00+,2022-04-06,2022-04-02,-4 day ahead inc hosp,quantile,0.25,25,COVID-19
DE-HB,00+,2022-04-06,2022-04-02,-4 day ahead inc hosp,quantile,0.5,25,COVID-19
DE-HB,00+,2022-04-06,2022-04-02,-4 day ahead inc hosp,quantile,0.75,25,COVID-19
DE-HB,00+,2022-04-06,2022-04-02,-4 day ahead inc hosp,quantile,0.9,25,COVID-19
DE-HB,00+,2022-04-06,2022-04-02,-4 day ahead inc hosp,quantile,0.975,25,COVID-19
DE-HB,00+,2022-04-06,2022-04-03,-3 day ahead inc hosp,mean,NA,24,COVID-19
DE-HB,00+,2022-04-06,2022-04-03,-3 day ahead inc hosp,quantile,0.025,24,COVID-19
DE-HB,00+,2022-04-06,2022-04-03,-3 day ahead inc hosp,quantile,0.1,24,COVID-19
DE-HB,00+,2022-04-06,2022-04-03,-3 day ahead inc hosp,quantile,0.25,24,COVID-19
DE-HB,00+,2022-04-06,2022-04-03,-3 day ahead inc hosp,quantile,0.5,24,COVID-19
DE-HB,00+,2022-04-06,2022-04-03,-3 day ahead inc hosp,quantile,0.75,24,COVID-19
DE-HB,00+,2022-04-06,2022-04-03,-3 day ahead inc hosp,quantile,0.9,24,COVID-19
DE-HB,00+,2022-04-06,2022-04-03,-3 day ahead inc hosp,quantile,0.975,24,COVID-19
DE-HB,00+,2022-04-06,2022-04-04,-2 day ahead inc hosp,mean,NA,23,COVID-19
DE-HB,00+,2022-04-06,2022-04-04,-2 day ahead inc hosp,quantile,0.025,23,COVID-19
DE-HB,00+,2022-04-06,2022-04-04,-2 day ahead inc hosp,quantile,0.1,23,COVID-19
DE-HB,00+,2022-04-06,2022-04-04,-2 day ahead inc hosp,quantile,0.25,23,COVID-19
DE-HB,00+,2022-04-06,2022-04-04,-2 day ahead inc hosp,quantile,0.5,23,COVID-19
DE-HB,00+,2022-04-06,2022-04-04,-2 day ahead inc hosp,quantile,0.75,23,COVID-19
DE-HB,00+,2022-04-06,2022-04-04,-2 day ahead inc hosp,quantile,0.9,23,COVID-19
DE-HB,00+,2022-04-06,2022-04-04,-2 day ahead inc hosp,quantile,0.975,23,COVID-19
DE-HB,00+,2022-04-06,2022-04-05,-1 day ahead inc hosp,mean,NA,32,COVID-19
DE-HB,00+,2022-04-06,2022-04-05,-1 day ahead inc hosp,quantile,0.025,32,COVID-19
DE-HB,00+,2022-04-06,2022-04-05,-1 day ahead inc hosp,quantile,0.1,32,COVID-19
DE-HB,00+,2022-04-06,2022-04-05,-1 day ahead inc hosp,quantile,0.25,32,COVID-19
DE-HB,00+,2022-04-06,2022-04-05,-1 day ahead inc hosp,quantile,0.5,32,COVID-19
DE-HB,00+,2022-04-06,2022-04-05,-1 day ahead inc hosp,quantile,0.75,32,COVID-19
DE-HB,00+,2022-04-06,2022-04-05,-1 day ahead inc hosp,quantile,0.9,32,COVID-19
DE-HB,00+,2022-04-06,2022-04-05,-1 day ahead inc hosp,quantile,0.975,32,COVID-19
DE-HB,00+,2022-04-06,2022-04-06,0 day ahead inc hosp,mean,NA,25,COVID-19
DE-HB,00+,2022-04-06,2022-04-06,0 day ahead inc hosp,quantile,0.025,25,COVID-19
DE-HB,00+,2022-04-06,2022-04-06,0 day ahead inc hosp,quantile,0.1,25,COVID-19
DE-HB,00+,2022-04-06,2022-04-06,0 day ahead inc hosp,quantile,0.25,25,COVID-19
DE-HB,00+,2022-04-06,2022-04-06,0 day ahead inc hosp,quantile,0.5,25,COVID-19
DE-HB,00+,2022-04-06,2022-04-06,0 day ahead inc hosp,quantile,0.75,25,COVID-19
DE-HB,00+,2022-04-06,2022-04-06,0 day ahead inc hosp,quantile,0.9,25,COVID-19
DE-HB,00+,2022-04-06,2022-04-06,0 day ahead inc hosp,quantile,0.975,25,COVID-19
DE-HE,00+,2022-04-06,2022-03-09,-28 day ahead inc hosp,mean,NA,628,COVID-19
DE-HE,00+,2022-04-06,2022-03-09,-28 day ahead inc hosp,quantile,0.025,628,COVID-19
DE-HE,00+,2022-04-06,2022-03-09,-28 day ahead inc hosp,quantile,0.1,628,COVID-19
DE-HE,00+,2022-04-06,2022-03-09,-28 day ahead inc hosp,quantile,0.25,628,COVID-19
DE-HE,00+,2022-04-06,2022-03-09,-28 day ahead inc hosp,quantile,0.5,628,COVID-19
DE-HE,00+,2022-04-06,2022-03-09,-28 day ahead inc hosp,quantile,0.75,628,COVID-19
DE-HE,00+,2022-04-06,2022-03-09,-28 day ahead inc hosp,quantile,0.9,628,COVID-19
DE-HE,00+,2022-04-06,2022-03-09,-28 day ahead inc hosp,quantile,0.975,628,COVID-19
DE-HE,00+,2022-04-06,2022-03-10,-27 day ahead inc hosp,mean,NA,625,COVID-19
DE-HE,00+,2022-04-06,2022-03-10,-27 day ahead inc hosp,quantile,0.025,625,COVID-19
DE-HE,00+,2022-04-06,2022-03-10,-27 day ahead inc hosp,quantile,0.1,625,COVID-19
DE-HE,00+,2022-04-06,2022-03-10,-27 day ahead inc hosp,quantile,0.25,625,COVID-19
DE-HE,00+,2022-04-06,2022-03-10,-27 day ahead inc hosp,quantile,0.5,625,COVID-19
DE-HE,00+,2022-04-06,2022-03-10,-27 day ahead inc hosp,quantile,0.75,625,COVID-19
DE-HE,00+,2022-04-06,2022-03-10,-27 day ahead inc hosp,quantile,0.9,625,COVID-19
DE-HE,00+,2022-04-06,2022-03-10,-27 day ahead inc hosp,quantile,0.975,625,COVID-19
DE-HE,00+,2022-04-06,2022-03-11,-26 day ahead inc hosp,mean,NA,633,COVID-19
DE-HE,00+,2022-04-06,2022-03-11,-26 day ahead inc hosp,quantile,0.025,633,COVID-19
DE-HE,00+,2022-04-06,2022-03-11,-26 day ahead inc hosp,quantile,0.1,633,COVID-19
DE-HE,00+,2022-04-06,2022-03-11,-26 day ahead inc hosp,quantile,0.25,633,COVID-19
DE-HE,00+,2022-04-06,2022-03-11,-26 day ahead inc hosp,quantile,0.5,633,COVID-19
DE-HE,00+,2022-04-06,2022-03-11,-26 day ahead inc hosp,quantile,0.75,633,COVID-19
DE-HE,00+,2022-04-06,2022-03-11,-26 day ahead inc hosp,quantile,0.9,633,COVID-19
DE-HE,00+,2022-04-06,2022-03-11,-26 day ahead inc hosp,quantile,0.975,633,COVID-19
DE-HE,00+,2022-04-06,2022-03-12,-25 day ahead inc hosp,mean,NA,638,COVID-19
DE-HE,00+,2022-04-06,2022-03-12,-25 day ahead inc hosp,quantile,0.025,638,COVID-19
DE-HE,00+,2022-04-06,2022-03-12,-25 day ahead inc hosp,quantile,0.1,638,COVID-19
DE-HE,00+,2022-04-06,2022-03-12,-25 day ahead inc hosp,quantile,0.25,638,COVID-19
DE-HE,00+,2022-04-06,2022-03-12,-25 day ahead inc hosp,quantile,0.5,638,COVID-19
DE-HE,00+,2022-04-06,2022-03-12,-25 day ahead inc hosp,quantile,0.75,638,COVID-19
DE-HE,00+,2022-04-06,2022-03-12,-25 day ahead inc hosp,quantile,0.9,638,COVID-19
DE-HE,00+,2022-04-06,2022-03-12,-25 day ahead inc hosp,quantile,0.975,638,COVID-19
DE-HE,00+,2022-04-06,2022-03-13,-24 day ahead inc hosp,mean,NA,634,COVID-19
DE-HE,00+,2022-04-06,2022-03-13,-24 day ahead inc hosp,quantile,0.025,634,COVID-19
DE-HE,00+,2022-04-06,2022-03-13,-24 day ahead inc hosp,quantile,0.1,634,COVID-19
DE-HE,00+,2022-04-06,2022-03-13,-24 day ahead inc hosp,quantile,0.25,634,COVID-19
DE-HE,00+,2022-04-06,2022-03-13,-24 day ahead inc hosp,quantile,0.5,634,COVID-19
DE-HE,00+,2022-04-06,2022-03-13,-24 day ahead inc hosp,quantile,0.75,634,COVID-19
DE-HE,00+,2022-04-06,2022-03-13,-24 day ahead inc hosp,quantile,0.9,634,COVID-19
DE-HE,00+,2022-04-06,2022-03-13,-24 day ahead inc hosp,quantile,0.975,634,COVID-19
DE-HE,00+,2022-04-06,2022-03-14,-23 day ahead inc hosp,mean,NA,634,COVID-19
DE-HE,00+,2022-04-06,2022-03-14,-23 day ahead inc hosp,quantile,0.025,634,COVID-19
DE-HE,00+,2022-04-06,2022-03-14,-23 day ahead inc hosp,quantile,0.1,634,COVID-19
DE-HE,00+,2022-04-06,2022-03-14,-23 day ahead inc hosp,quantile,0.25,634,COVID-19
DE-HE,00+,2022-04-06,2022-03-14,-23 day ahead inc hosp,quantile,0.5,634,COVID-19
DE-HE,00+,2022-04-06,2022-03-14,-23 day ahead inc hosp,quantile,0.75,634,COVID-19
DE-HE,00+,2022-04-06,2022-03-14,-23 day ahead inc hosp,quantile,0.9,634,COVID-19
DE-HE,00+,2022-04-06,2022-03-14,-23 day ahead inc hosp,quantile,0.975,634,COVID-19
DE-HE,00+,2022-04-06,2022-03-15,-22 day ahead inc hosp,mean,NA,646,COVID-19
DE-HE,00+,2022-04-06,2022-03-15,-22 day ahead inc hosp,quantile,0.025,646,COVID-19
DE-HE,00+,2022-04-06,2022-03-15,-22 day ahead inc hosp,quantile,0.1,646,COVID-19
DE-HE,00+,2022-04-06,2022-03-15,-22 day ahead inc hosp,quantile,0.25,646,COVID-19
DE-HE,00+,2022-04-06,2022-03-15,-22 day ahead inc hosp,quantile,0.5,646,COVID-19
DE-HE,00+,2022-04-06,2022-03-15,-22 day ahead inc hosp,quantile,0.75,646,COVID-19
DE-HE,00+,2022-04-06,2022-03-15,-22 day ahead inc hosp,quantile,0.9,646,COVID-19
DE-HE,00+,2022-04-06,2022-03-15,-22 day ahead inc hosp,quantile,0.975,646,COVID-19
DE-HE,00+,2022-04-06,2022-03-16,-21 day ahead inc hosp,mean,NA,664,COVID-19
DE-HE,00+,2022-04-06,2022-03-16,-21 day ahead inc hosp,quantile,0.025,664,COVID-19
DE-HE,00+,2022-04-06,2022-03-16,-21 day ahead inc hosp,quantile,0.1,664,COVID-19
DE-HE,00+,2022-04-06,2022-03-16,-21 day ahead inc hosp,quantile,0.25,664,COVID-19
DE-HE,00+,2022-04-06,2022-03-16,-21 day ahead inc hosp,quantile,0.5,664,COVID-19
DE-HE,00+,2022-04-06,2022-03-16,-21 day ahead inc hosp,quantile,0.75,664,COVID-19
DE-HE,00+,2022-04-06,2022-03-16,-21 day ahead inc hosp,quantile,0.9,664,COVID-19
DE-HE,00+,2022-04-06,2022-03-16,-21 day ahead inc hosp,quantile,0.975,664,COVID-19
DE-HE,00+,2022-04-06,2022-03-17,-20 day ahead inc hosp,mean,NA,695,COVID-19
DE-HE,00+,2022-04-06,2022-03-17,-20 day ahead inc hosp,quantile,0.025,695,COVID-19
DE-HE,00+,2022-04-06,2022-03-17,-20 day ahead inc hosp,quantile,0.1,695,COVID-19
DE-HE,00+,2022-04-06,2022-03-17,-20 day ahead inc hosp,quantile,0.25,695,COVID-19
DE-HE,00+,2022-04-06,2022-03-17,-20 day ahead inc hosp,quantile,0.5,695,COVID-19
DE-HE,00+,2022-04-06,2022-03-17,-20 day ahead inc hosp,quantile,0.75,695,COVID-19
DE-HE,00+,2022-04-06,2022-03-17,-20 day ahead inc hosp,quantile,0.9,695,COVID-19
DE-HE,00+,2022-04-06,2022-03-17,-20 day ahead inc hosp,quantile,0.975,695,COVID-19
DE-HE,00+,2022-04-06,2022-03-18,-19 day ahead inc hosp,mean,NA,694,COVID-19
DE-HE,00+,2022-04-06,2022-03-18,-19 day ahead inc hosp,quantile,0.025,694,COVID-19
DE-HE,00+,2022-04-06,2022-03-18,-19 day ahead inc hosp,quantile,0.1,694,COVID-19
DE-HE,00+,2022-04-06,2022-03-18,-19 day ahead inc hosp,quantile,0.25,694,COVID-19
DE-HE,00+,2022-04-06,2022-03-18,-19 day ahead inc hosp,quantile,0.5,694,COVID-19
DE-HE,00+,2022-04-06,2022-03-18,-19 day ahead inc hosp,quantile,0.75,694,COVID-19
DE-HE,00+,2022-04-06,2022-03-18,-19 day ahead inc hosp,quantile,0.9,694,COVID-19
DE-HE,00+,2022-04-06,2022-03-18,-19 day ahead inc hosp,quantile,0.975,694,COVID-19
DE-HE,00+,2022-04-06,2022-03-19,-18 day ahead inc hosp,mean,NA,679,COVID-19
DE-HE,00+,2022-04-06,2022-03-19,-18 day ahead inc hosp,quantile,0.025,679,COVID-19
DE-HE,00+,2022-04-06,2022-03-19,-18 day ahead inc hosp,quantile,0.1,679,COVID-19
DE-HE,00+,2022-04-06,2022-03-19,-18 day ahead inc hosp,quantile,0.25,679,COVID-19
DE-HE,00+,2022-04-06,2022-03-19,-18 day ahead inc hosp,quantile,0.5,679,COVID-19
DE-HE,00+,2022-04-06,2022-03-19,-18 day ahead inc hosp,quantile,0.75,679,COVID-19
DE-HE,00+,2022-04-06,2022-03-19,-18 day ahead inc hosp,quantile,0.9,679,COVID-19
DE-HE,00+,2022-04-06,2022-03-19,-18 day ahead inc hosp,quantile,0.975,679,COVID-19
DE-HE,00+,2022-04-06,2022-03-20,-17 day ahead inc hosp,mean,NA,668,COVID-19
DE-HE,00+,2022-04-06,2022-03-20,-17 day ahead inc hosp,quantile,0.025,668,COVID-19
DE-HE,00+,2022-04-06,2022-03-20,-17 day ahead inc hosp,quantile,0.1,668,COVID-19
DE-HE,00+,2022-04-06,2022-03-20,-17 day ahead inc hosp,quantile,0.25,668,COVID-19
DE-HE,00+,2022-04-06,2022-03-20,-17 day ahead inc hosp,quantile,0.5,668,COVID-19
DE-HE,00+,2022-04-06,2022-03-20,-17 day ahead inc hosp,quantile,0.75,668,COVID-19
DE-HE,00+,2022-04-06,2022-03-20,-17 day ahead inc hosp,quantile,0.9,668,COVID-19
DE-HE,00+,2022-04-06,2022-03-20,-17 day ahead inc hosp,quantile,0.975,668,COVID-19
DE-HE,00+,2022-04-06,2022-03-21,-16 day ahead inc hosp,mean,NA,671,COVID-19
DE-HE,00+,2022-04-06,2022-03-21,-16 day ahead inc hosp,quantile,0.025,671,COVID-19
DE-HE,00+,2022-04-06,2022-03-21,-16 day ahead inc hosp,quantile,0.1,671,COVID-19
DE-HE,00+,2022-04-06,2022-03-21,-16 day ahead inc hosp,quantile,0.25,671,COVID-19
DE-HE,00+,2022-04-06,2022-03-21,-16 day ahead inc hosp,quantile,0.5,671,COVID-19
DE-HE,00+,2022-04-06,2022-03-21,-16 day ahead inc hosp,quantile,0.75,671,COVID-19
DE-HE,00+,2022-04-06,2022-03-21,-16 day ahead inc hosp,quantile,0.9,671,COVID-19
DE-HE,00+,2022-04-06,2022-03-21,-16 day ahead inc hosp,quantile,0.975,671,COVID-19
DE-HE,00+,2022-04-06,2022-03-22,-15 day ahead inc hosp,mean,NA,654,COVID-19
DE-HE,00+,2022-04-06,2022-03-22,-15 day ahead inc hosp,quantile,0.025,654,COVID-19
DE-HE,00+,2022-04-06,2022-03-22,-15 day ahead inc hosp,quantile,0.1,654,COVID-19
DE-HE,00+,2022-04-06,2022-03-22,-15 day ahead inc hosp,quantile,0.25,654,COVID-19
DE-HE,00+,2022-04-06,2022-03-22,-15 day ahead inc hosp,quantile,0.5,654,COVID-19
DE-HE,00+,2022-04-06,2022-03-22,-15 day ahead inc hosp,quantile,0.75,654,COVID-19
DE-HE,00+,2022-04-06,2022-03-22,-15 day ahead inc hosp,quantile,0.9,654,COVID-19
DE-HE,00+,2022-04-06,2022-03-22,-15 day ahead inc hosp,quantile,0.975,654,COVID-19
DE-HE,00+,2022-04-06,2022-03-23,-14 day ahead inc hosp,mean,NA,654,COVID-19
DE-HE,00+,2022-04-06,2022-03-23,-14 day ahead inc hosp,quantile,0.025,654,COVID-19
DE-HE,00+,2022-04-06,2022-03-23,-14 day ahead inc hosp,quantile,0.1,654,COVID-19
DE-HE,00+,2022-04-06,2022-03-23,-14 day ahead inc hosp,quantile,0.25,654,COVID-19
DE-HE,00+,2022-04-06,2022-03-23,-14 day ahead inc hosp,quantile,0.5,654,COVID-19
DE-HE,00+,2022-04-06,2022-03-23,-14 day ahead inc hosp,quantile,0.75,654,COVID-19
DE-HE,00+,2022-04-06,2022-03-23,-14 day ahead inc hosp,quantile,0.9,654,COVID-19
DE-HE,00+,2022-04-06,2022-03-23,-14 day ahead inc hosp,quantile,0.975,654,COVID-19
DE-HE,00+,2022-04-06,2022-03-24,-13 day ahead inc hosp,mean,NA,653,COVID-19
DE-HE,00+,2022-04-06,2022-03-24,-13 day ahead inc hosp,quantile,0.025,653,COVID-19
DE-HE,00+,2022-04-06,2022-03-24,-13 day ahead inc hosp,quantile,0.1,653,COVID-19
DE-HE,00+,2022-04-06,2022-03-24,-13 day ahead inc hosp,quantile,0.25,653,COVID-19
DE-HE,00+,2022-04-06,2022-03-24,-13 day ahead inc hosp,quantile,0.5,653,COVID-19
DE-HE,00+,2022-04-06,2022-03-24,-13 day ahead inc hosp,quantile,0.75,653,COVID-19
DE-HE,00+,2022-04-06,2022-03-24,-13 day ahead inc hosp,quantile,0.9,653,COVID-19
DE-HE,00+,2022-04-06,2022-03-24,-13 day ahead inc hosp,quantile,0.975,653,COVID-19
DE-HE,00+,2022-04-06,2022-03-25,-12 day ahead inc hosp,mean,NA,661,COVID-19
DE-HE,00+,2022-04-06,2022-03-25,-12 day ahead inc hosp,quantile,0.025,661,COVID-19
DE-HE,00+,2022-04-06,2022-03-25,-12 day ahead inc hosp,quantile,0.1,661,COVID-19
DE-HE,00+,2022-04-06,2022-03-25,-12 day ahead inc hosp,quantile,0.25,661,COVID-19
DE-HE,00+,2022-04-06,2022-03-25,-12 day ahead inc hosp,quantile,0.5,661,COVID-19
DE-HE,00+,2022-04-06,2022-03-25,-12 day ahead inc hosp,quantile,0.75,661,COVID-19
DE-HE,00+,2022-04-06,2022-03-25,-12 day ahead inc hosp,quantile,0.9,661,COVID-19
DE-HE,00+,2022-04-06,2022-03-25,-12 day ahead inc hosp,quantile,0.975,661,COVID-19
DE-HE,00+,2022-04-06,2022-03-26,-11 day ahead inc hosp,mean,NA,664,COVID-19
DE-HE,00+,2022-04-06,2022-03-26,-11 day ahead inc hosp,quantile,0.025,664,COVID-19
DE-HE,00+,2022-04-06,2022-03-26,-11 day ahead inc hosp,quantile,0.1,664,COVID-19
DE-HE,00+,2022-04-06,2022-03-26,-11 day ahead inc hosp,quantile,0.25,664,COVID-19
DE-HE,00+,2022-04-06,2022-03-26,-11 day ahead inc hosp,quantile,0.5,664,COVID-19
DE-HE,00+,2022-04-06,2022-03-26,-11 day ahead inc hosp,quantile,0.75,664,COVID-19
DE-HE,00+,2022-04-06,2022-03-26,-11 day ahead inc hosp,quantile,0.9,664,COVID-19
DE-HE,00+,2022-04-06,2022-03-26,-11 day ahead inc hosp,quantile,0.975,664,COVID-19
DE-HE,00+,2022-04-06,2022-03-27,-10 day ahead inc hosp,mean,NA,696,COVID-19
DE-HE,00+,2022-04-06,2022-03-27,-10 day ahead inc hosp,quantile,0.025,696,COVID-19
DE-HE,00+,2022-04-06,2022-03-27,-10 day ahead inc hosp,quantile,0.1,696,COVID-19
DE-HE,00+,2022-04-06,2022-03-27,-10 day ahead inc hosp,quantile,0.25,696,COVID-19
DE-HE,00+,2022-04-06,2022-03-27,-10 day ahead inc hosp,quantile,0.5,696,COVID-19
DE-HE,00+,2022-04-06,2022-03-27,-10 day ahead inc hosp,quantile,0.75,696,COVID-19
DE-HE,00+,2022-04-06,2022-03-27,-10 day ahead inc hosp,quantile,0.9,696,COVID-19
DE-HE,00+,2022-04-06,2022-03-27,-10 day ahead inc hosp,quantile,0.975,696,COVID-19
DE-HE,00+,2022-04-06,2022-03-28,-9 day ahead inc hosp,mean,NA,690,COVID-19
DE-HE,00+,2022-04-06,2022-03-28,-9 day ahead inc hosp,quantile,0.025,690,COVID-19
DE-HE,00+,2022-04-06,2022-03-28,-9 day ahead inc hosp,quantile,0.1,690,COVID-19
DE-HE,00+,2022-04-06,2022-03-28,-9 day ahead inc hosp,quantile,0.25,690,COVID-19
DE-HE,00+,2022-04-06,2022-03-28,-9 day ahead inc hosp,quantile,0.5,690,COVID-19
DE-HE,00+,2022-04-06,2022-03-28,-9 day ahead inc hosp,quantile,0.75,690,COVID-19
DE-HE,00+,2022-04-06,2022-03-28,-9 day ahead inc hosp,quantile,0.9,690,COVID-19
DE-HE,00+,2022-04-06,2022-03-28,-9 day ahead inc hosp,quantile,0.975,690,COVID-19
DE-HE,00+,2022-04-06,2022-03-29,-8 day ahead inc hosp,mean,NA,701,COVID-19
DE-HE,00+,2022-04-06,2022-03-29,-8 day ahead inc hosp,quantile,0.025,701,COVID-19
DE-HE,00+,2022-04-06,2022-03-29,-8 day ahead inc hosp,quantile,0.1,701,COVID-19
DE-HE,00+,2022-04-06,2022-03-29,-8 day ahead inc hosp,quantile,0.25,701,COVID-19
DE-HE,00+,2022-04-06,2022-03-29,-8 day ahead inc hosp,quantile,0.5,701,COVID-19
DE-HE,00+,2022-04-06,2022-03-29,-8 day ahead inc hosp,quantile,0.75,701,COVID-19
DE-HE,00+,2022-04-06,2022-03-29,-8 day ahead inc hosp,quantile,0.9,701,COVID-19
DE-HE,00+,2022-04-06,2022-03-29,-8 day ahead inc hosp,quantile,0.975,701,COVID-19
DE-HE,00+,2022-04-06,2022-03-30,-7 day ahead inc hosp,mean,NA,673,COVID-19
DE-HE,00+,2022-04-06,2022-03-30,-7 day ahead inc hosp,quantile,0.025,673,COVID-19
DE-HE,00+,2022-04-06,2022-03-30,-7 day ahead inc hosp,quantile,0.1,673,COVID-19
DE-HE,00+,2022-04-06,2022-03-30,-7 day ahead inc hosp,quantile,0.25,673,COVID-19
DE-HE,00+,2022-04-06,2022-03-30,-7 day ahead inc hosp,quantile,0.5,673,COVID-19
DE-HE,00+,2022-04-06,2022-03-30,-7 day ahead inc hosp,quantile,0.75,673,COVID-19
DE-HE,00+,2022-04-06,2022-03-30,-7 day ahead inc hosp,quantile,0.9,673,COVID-19
DE-HE,00+,2022-04-06,2022-03-30,-7 day ahead inc hosp,quantile,0.975,673,COVID-19
DE-HE,00+,2022-04-06,2022-03-31,-6 day ahead inc hosp,mean,NA,642,COVID-19
DE-HE,00+,2022-04-06,2022-03-31,-6 day ahead inc hosp,quantile,0.025,642,COVID-19
DE-HE,00+,2022-04-06,2022-03-31,-6 day ahead inc hosp,quantile,0.1,642,COVID-19
DE-HE,00+,2022-04-06,2022-03-31,-6 day ahead inc hosp,quantile,0.25,642,COVID-19
DE-HE,00+,2022-04-06,2022-03-31,-6 day ahead inc hosp,quantile,0.5,642,COVID-19
DE-HE,00+,2022-04-06,2022-03-31,-6 day ahead inc hosp,quantile,0.75,642,COVID-19
DE-HE,00+,2022-04-06,2022-03-31,-6 day ahead inc hosp,quantile,0.9,642,COVID-19
DE-HE,00+,2022-04-06,2022-03-31,-6 day ahead inc hosp,quantile,0.975,642,COVID-19
DE-HE,00+,2022-04-06,2022-04-01,-5 day ahead inc hosp,mean,NA,626,COVID-19
DE-HE,00+,2022-04-06,2022-04-01,-5 day ahead inc hosp,quantile,0.025,626,COVID-19
DE-HE,00+,2022-04-06,2022-04-01,-5 day ahead inc hosp,quantile,0.1,626,COVID-19
DE-HE,00+,2022-04-06,2022-04-01,-5 day ahead inc hosp,quantile,0.25,626,COVID-19
DE-HE,00+,2022-04-06,2022-04-01,-5 day ahead inc hosp,quantile,0.5,626,COVID-19
DE-HE,00+,2022-04-06,2022-04-01,-5 day ahead inc hosp,quantile,0.75,626,COVID-19
DE-HE,00+,2022-04-06,2022-04-01,-5 day ahead inc hosp,quantile,0.9,626,COVID-19
DE-HE,00+,2022-04-06,2022-04-01,-5 day ahead inc hosp,quantile,0.975,626,COVID-19
DE-HE,00+,2022-04-06,2022-04-02,-4 day ahead inc hosp,mean,NA,591,COVID-19
DE-HE,00+,2022-04-06,2022-04-02,-4 day ahead inc hosp,quantile,0.025,591,COVID-19
DE-HE,00+,2022-04-06,2022-04-02,-4 day ahead inc hosp,quantile,0.1,591,COVID-19
DE-HE,00+,2022-04-06,2022-04-02,-4 day ahead inc hosp,quantile,0.25,591,COVID-19
DE-HE,00+,2022-04-06,2022-04-02,-4 day ahead inc hosp,quantile,0.5,591,COVID-19
DE-HE,00+,2022-04-06,2022-04-02,-4 day ahead inc hosp,quantile,0.75,591,COVID-19
DE-HE,00+,2022-04-06,2022-04-02,-4 day ahead inc hosp,quantile,0.9,591,COVID-19
DE-HE,00+,2022-04-06,2022-04-02,-4 day ahead inc hosp,quantile,0.975,591,COVID-19
DE-HE,00+,2022-04-06,2022-04-03,-3 day ahead inc hosp,mean,NA,555,COVID-19
DE-HE,00+,2022-04-06,2022-04-03,-3 day ahead inc hosp,quantile,0.025,555,COVID-19
DE-HE,00+,2022-04-06,2022-04-03,-3 day ahead inc hosp,quantile,0.1,555,COVID-19
DE-HE,00+,2022-04-06,2022-04-03,-3 day ahead inc hosp,quantile,0.25,555,COVID-19
DE-HE,00+,2022-04-06,2022-04-03,-3 day ahead inc hosp,quantile,0.5,555,COVID-19
DE-HE,00+,2022-04-06,2022-04-03,-3 day ahead inc hosp,quantile,0.75,555,COVID-19
DE-HE,00+,2022-04-06,2022-04-03,-3 day ahead inc hosp,quantile,0.9,555,COVID-19
DE-HE,00+,2022-04-06,2022-04-03,-3 day ahead inc hosp,quantile,0.975,555,COVID-19
DE-HE,00+,2022-04-06,2022-04-04,-2 day ahead inc hosp,mean,NA,539,COVID-19
DE-HE,00+,2022-04-06,2022-04-04,-2 day ahead inc hosp,quantile,0.025,539,COVID-19
DE-HE,00+,2022-04-06,2022-04-04,-2 day ahead inc hosp,quantile,0.1,539,COVID-19
DE-HE,00+,2022-04-06,2022-04-04,-2 day ahead inc hosp,quantile,0.25,539,COVID-19
DE-HE,00+,2022-04-06,2022-04-04,-2 day ahead inc hosp,quantile,0.5,539,COVID-19
DE-HE,00+,2022-04-06,2022-04-04,-2 day ahead inc hosp,quantile,0.75,539,COVID-19
DE-HE,00+,2022-04-06,2022-04-04,-2 day ahead inc hosp,quantile,0.9,539,COVID-19
DE-HE,00+,2022-04-06,2022-04-04,-2 day ahead inc hosp,quantile,0.975,539,COVID-19
DE-HE,00+,2022-04-06,2022-04-05,-1 day ahead inc hosp,mean,NA,466,COVID-19
DE-HE,00+,2022-04-06,2022-04-05,-1 day ahead inc hosp,quantile,0.025,466,COVID-19
DE-HE,00+,2022-04-06,2022-04-05,-1 day ahead inc hosp,quantile,0.1,466,COVID-19
DE-HE,00+,2022-04-06,2022-04-05,-1 day ahead inc hosp,quantile,0.25,466,COVID-19
DE-HE,00+,2022-04-06,2022-04-05,-1 day ahead inc hosp,quantile,0.5,466,COVID-19
DE-HE,00+,2022-04-06,2022-04-05,-1 day ahead inc hosp,quantile,0.75,466,COVID-19
DE-HE,00+,2022-04-06,2022-04-05,-1 day ahead inc hosp,quantile,0.9,466,COVID-19
DE-HE,00+,2022-04-06,2022-04-05,-1 day ahead inc hosp,quantile,0.975,466,COVID-19
DE-HE,00+,2022-04-06,2022-04-06,0 day ahead inc hosp,mean,NA,409,COVID-19
DE-HE,00+,2022-04-06,2022-04-06,0 day ahead inc hosp,quantile,0.025,409,COVID-19
DE-HE,00+,2022-04-06,2022-04-06,0 day ahead inc hosp,quantile,0.1,409,COVID-19
DE-HE,00+,2022-04-06,2022-04-06,0 day ahead inc hosp,quantile,0.25,409,COVID-19
DE-HE,00+,2022-04-06,2022-04-06,0 day ahead inc hosp,quantile,0.5,409,COVID-19
DE-HE,00+,2022-04-06,2022-04-06,0 day ahead inc hosp,quantile,0.75,409,COVID-19
DE-HE,00+,2022-04-06,2022-04-06,0 day ahead inc hosp,quantile,0.9,409,COVID-19
DE-HE,00+,2022-04-06,2022-04-06,0 day ahead inc hosp,quantile,0.975,409,COVID-19
DE-HH,00+,2022-04-06,2022-03-09,-28 day ahead inc hosp,mean,NA,103,COVID-19
DE-HH,00+,2022-04-06,2022-03-09,-28 day ahead inc hosp,quantile,0.025,103,COVID-19
DE-HH,00+,2022-04-06,2022-03-09,-28 day ahead inc hosp,quantile,0.1,103,COVID-19
DE-HH,00+,2022-04-06,2022-03-09,-28 day ahead inc hosp,quantile,0.25,103,COVID-19
DE-HH,00+,2022-04-06,2022-03-09,-28 day ahead inc hosp,quantile,0.5,103,COVID-19
DE-HH,00+,2022-04-06,2022-03-09,-28 day ahead inc hosp,quantile,0.75,103,COVID-19
DE-HH,00+,2022-04-06,2022-03-09,-28 day ahead inc hosp,quantile,0.9,103,COVID-19
DE-HH,00+,2022-04-06,2022-03-09,-28 day ahead inc hosp,quantile,0.975,103,COVID-19
DE-HH,00+,2022-04-06,2022-03-10,-27 day ahead inc hosp,mean,NA,118,COVID-19
DE-HH,00+,2022-04-06,2022-03-10,-27 day ahead inc hosp,quantile,0.025,118,COVID-19
DE-HH,00+,2022-04-06,2022-03-10,-27 day ahead inc hosp,quantile,0.1,118,COVID-19
DE-HH,00+,2022-04-06,2022-03-10,-27 day ahead inc hosp,quantile,0.25,118,COVID-19
DE-HH,00+,2022-04-06,2022-03-10,-27 day ahead inc hosp,quantile,0.5,118,COVID-19
DE-HH,00+,2022-04-06,2022-03-10,-27 day ahead inc hosp,quantile,0.75,118,COVID-19
DE-HH,00+,2022-04-06,2022-03-10,-27 day ahead inc hosp,quantile,0.9,118,COVID-19
DE-HH,00+,2022-04-06,2022-03-10,-27 day ahead inc hosp,quantile,0.975,118,COVID-19
DE-HH,00+,2022-04-06,2022-03-11,-26 day ahead inc hosp,mean,NA,132,COVID-19
DE-HH,00+,2022-04-06,2022-03-11,-26 day ahead inc hosp,quantile,0.025,132,COVID-19
DE-HH,00+,2022-04-06,2022-03-11,-26 day ahead inc hosp,quantile,0.1,132,COVID-19
DE-HH,00+,2022-04-06,2022-03-11,-26 day ahead inc hosp,quantile,0.25,132,COVID-19
DE-HH,00+,2022-04-06,2022-03-11,-26 day ahead inc hosp,quantile,0.5,132,COVID-19
DE-HH,00+,2022-04-06,2022-03-11,-26 day ahead inc hosp,quantile,0.75,132,COVID-19
DE-HH,00+,2022-04-06,2022-03-11,-26 day ahead inc hosp,quantile,0.9,132,COVID-19
DE-HH,00+,2022-04-06,2022-03-11,-26 day ahead inc hosp,quantile,0.975,132,COVID-19
DE-HH,00+,2022-04-06,2022-03-12,-25 day ahead inc hosp,mean,NA,128,COVID-19
DE-HH,00+,2022-04-06,2022-03-12,-25 day ahead inc hosp,quantile,0.025,128,COVID-19
DE-HH,00+,2022-04-06,2022-03-12,-25 day ahead inc hosp,quantile,0.1,128,COVID-19
DE-HH,00+,2022-04-06,2022-03-12,-25 day ahead inc hosp,quantile,0.25,128,COVID-19
DE-HH,00+,2022-04-06,2022-03-12,-25 day ahead inc hosp,quantile,0.5,128,COVID-19
DE-HH,00+,2022-04-06,2022-03-12,-25 day ahead inc hosp,quantile,0.75,128,COVID-19
DE-HH,00+,2022-04-06,2022-03-12,-25 day ahead inc hosp,quantile,0.9,128,COVID-19
DE-HH,00+,2022-04-06,2022-03-12,-25 day ahead inc hosp,quantile,0.975,128,COVID-19
DE-HH,00+,2022-04-06,2022-03-13,-24 day ahead inc hosp,mean,NA,126,COVID-19
DE-HH,00+,2022-04-06,2022-03-13,-24 day ahead inc hosp,quantile,0.025,126,COVID-19
DE-HH,00+,2022-04-06,2022-03-13,-24 day ahead inc hosp,quantile,0.1,126,COVID-19
DE-HH,00+,2022-04-06,2022-03-13,-24 day ahead inc hosp,quantile,0.25,126,COVID-19
DE-HH,00+,2022-04-06,2022-03-13,-24 day ahead inc hosp,quantile,0.5,126,COVID-19
DE-HH,00+,2022-04-06,2022-03-13,-24 day ahead inc hosp,quantile,0.75,126,COVID-19
DE-HH,00+,2022-04-06,2022-03-13,-24 day ahead inc hosp,quantile,0.9,126,COVID-19
DE-HH,00+,2022-04-06,2022-03-13,-24 day ahead inc hosp,quantile,0.975,126,COVID-19
DE-HH,00+,2022-04-06,2022-03-14,-23 day ahead inc hosp,mean,NA,128,COVID-19
DE-HH,00+,2022-04-06,2022-03-14,-23 day ahead inc hosp,quantile,0.025,128,COVID-19
DE-HH,00+,2022-04-06,2022-03-14,-23 day ahead inc hosp,quantile,0.1,128,COVID-19
DE-HH,00+,2022-04-06,2022-03-14,-23 day ahead inc hosp,quantile,0.25,128,COVID-19
DE-HH,00+,2022-04-06,2022-03-14,-23 day ahead inc hosp,quantile,0.5,128,COVID-19
DE-HH,00+,2022-04-06,2022-03-14,-23 day ahead inc hosp,quantile,0.75,128,COVID-19
DE-HH,00+,2022-04-06,2022-03-14,-23 day ahead inc hosp,quantile,0.9,128,COVID-19
DE-HH,00+,2022-04-06,2022-03-14,-23 day ahead inc hosp,quantile,0.975,128,COVID-19
DE-HH,00+,2022-04-06,2022-03-15,-22 day ahead inc hosp,mean,NA,130,COVID-19
DE-HH,00+,2022-04-06,2022-03-15,-22 day ahead inc hosp,quantile,0.025,130,COVID-19
DE-HH,00+,2022-04-06,2022-03-15,-22 day ahead inc hosp,quantile,0.1,130,COVID-19
DE-HH,00+,2022-04-06,2022-03-15,-22 day ahead inc hosp,quantile,0.25,130,COVID-19
DE-HH,00+,2022-04-06,2022-03-15,-22 day ahead inc hosp,quantile,0.5,130,COVID-19
DE-HH,00+,2022-04-06,2022-03-15,-22 day ahead inc hosp,quantile,0.75,130,COVID-19
DE-HH,00+,2022-04-06,2022-03-15,-22 day ahead inc hosp,quantile,0.9,130,COVID-19
DE-HH,00+,2022-04-06,2022-03-15,-22 day ahead inc hosp,quantile,0.975,130,COVID-19
DE-HH,00+,2022-04-06,2022-03-16,-21 day ahead inc hosp,mean,NA,131,COVID-19
DE-HH,00+,2022-04-06,2022-03-16,-21 day ahead inc hosp,quantile,0.025,131,COVID-19
DE-HH,00+,2022-04-06,2022-03-16,-21 day ahead inc hosp,quantile,0.1,131,COVID-19
DE-HH,00+,2022-04-06,2022-03-16,-21 day ahead inc hosp,quantile,0.25,131,COVID-19
DE-HH,00+,2022-04-06,2022-03-16,-21 day ahead inc hosp,quantile,0.5,131,COVID-19
DE-HH,00+,2022-04-06,2022-03-16,-21 day ahead inc hosp,quantile,0.75,131,COVID-19
DE-HH,00+,2022-04-06,2022-03-16,-21 day ahead inc hosp,quantile,0.9,131,COVID-19
DE-HH,00+,2022-04-06,2022-03-16,-21 day ahead inc hosp,quantile,0.975,131,COVID-19
DE-HH,00+,2022-04-06,2022-03-17,-20 day ahead inc hosp,mean,NA,128,COVID-19
DE-HH,00+,2022-04-06,2022-03-17,-20 day ahead inc hosp,quantile,0.025,128,COVID-19
DE-HH,00+,2022-04-06,2022-03-17,-20 day ahead inc hosp,quantile,0.1,128,COVID-19
DE-HH,00+,2022-04-06,2022-03-17,-20 day ahead inc hosp,quantile,0.25,128,COVID-19
DE-HH,00+,2022-04-06,2022-03-17,-20 day ahead inc hosp,quantile,0.5,128,COVID-19
DE-HH,00+,2022-04-06,2022-03-17,-20 day ahead inc hosp,quantile,0.75,128,COVID-19
DE-HH,00+,2022-04-06,2022-03-17,-20 day ahead inc hosp,quantile,0.9,128,COVID-19
DE-HH,00+,2022-04-06,2022-03-17,-20 day ahead inc hosp,quantile,0.975,128,COVID-19
DE-HH,00+,2022-04-06,2022-03-18,-19 day ahead inc hosp,mean,NA,124,COVID-19
DE-HH,00+,2022-04-06,2022-03-18,-19 day ahead inc hosp,quantile,0.025,124,COVID-19
DE-HH,00+,2022-04-06,2022-03-18,-19 day ahead inc hosp,quantile,0.1,124,COVID-19
DE-HH,00+,2022-04-06,2022-03-18,-19 day ahead inc hosp,quantile,0.25,124,COVID-19
DE-HH,00+,2022-04-06,2022-03-18,-19 day ahead inc hosp,quantile,0.5,124,COVID-19
DE-HH,00+,2022-04-06,2022-03-18,-19 day ahead inc hosp,quantile,0.75,124,COVID-19
DE-HH,00+,2022-04-06,2022-03-18,-19 day ahead inc hosp,quantile,0.9,124,COVID-19
DE-HH,00+,2022-04-06,2022-03-18,-19 day ahead inc hosp,quantile,0.975,124,COVID-19
DE-HH,00+,2022-04-06,2022-03-19,-18 day ahead inc hosp,mean,NA,129,COVID-19
DE-HH,00+,2022-04-06,2022-03-19,-18 day ahead inc hosp,quantile,0.025,129,COVID-19
DE-HH,00+,2022-04-06,2022-03-19,-18 day ahead inc hosp,quantile,0.1,129,COVID-19
DE-HH,00+,2022-04-06,2022-03-19,-18 day ahead inc hosp,quantile,0.25,129,COVID-19
DE-HH,00+,2022-04-06,2022-03-19,-18 day ahead inc hosp,quantile,0.5,129,COVID-19
DE-HH,00+,2022-04-06,2022-03-19,-18 day ahead inc hosp,quantile,0.75,129,COVID-19
DE-HH,00+,2022-04-06,2022-03-19,-18 day ahead inc hosp,quantile,0.9,129,COVID-19
DE-HH,00+,2022-04-06,2022-03-19,-18 day ahead inc hosp,quantile,0.975,129,COVID-19
DE-HH,00+,2022-04-06,2022-03-20,-17 day ahead inc hosp,mean,NA,131,COVID-19
DE-HH,00+,2022-04-06,2022-03-20,-17 day ahead inc hosp,quantile,0.025,131,COVID-19
DE-HH,00+,2022-04-06,2022-03-20,-17 day ahead inc hosp,quantile,0.1,131,COVID-19
DE-HH,00+,2022-04-06,2022-03-20,-17 day ahead inc hosp,quantile,0.25,131,COVID-19
DE-HH,00+,2022-04-06,2022-03-20,-17 day ahead inc hosp,quantile,0.5,131,COVID-19
DE-HH,00+,2022-04-06,2022-03-20,-17 day ahead inc hosp,quantile,0.75,131,COVID-19
DE-HH,00+,2022-04-06,2022-03-20,-17 day ahead inc hosp,quantile,0.9,131,COVID-19
DE-HH,00+,2022-04-06,2022-03-20,-17 day ahead inc hosp,quantile,0.975,131,COVID-19
DE-HH,00+,2022-04-06,2022-03-21,-16 day ahead inc hosp,mean,NA,125,COVID-19
DE-HH,00+,2022-04-06,2022-03-21,-16 day ahead inc hosp,quantile,0.025,125,COVID-19
DE-HH,00+,2022-04-06,2022-03-21,-16 day ahead inc hosp,quantile,0.1,125,COVID-19
DE-HH,00+,2022-04-06,2022-03-21,-16 day ahead inc hosp,quantile,0.25,125,COVID-19
DE-HH,00+,2022-04-06,2022-03-21,-16 day ahead inc hosp,quantile,0.5,125,COVID-19
DE-HH,00+,2022-04-06,2022-03-21,-16 day ahead inc hosp,quantile,0.75,125,COVID-19
DE-HH,00+,2022-04-06,2022-03-21,-16 day ahead inc hosp,quantile,0.9,125,COVID-19
DE-HH,00+,2022-04-06,2022-03-21,-16 day ahead inc hosp,quantile,0.975,125,COVID-19
DE-HH,00+,2022-04-06,2022-03-22,-15 day ahead inc hosp,mean,NA,133,COVID-19
DE-HH,00+,2022-04-06,2022-03-22,-15 day ahead inc hosp,quantile,0.025,133,COVID-19
DE-HH,00+,2022-04-06,2022-03-22,-15 day ahead inc hosp,quantile,0.1,133,COVID-19
DE-HH,00+,2022-04-06,2022-03-22,-15 day ahead inc hosp,quantile,0.25,133,COVID-19
DE-HH,00+,2022-04-06,2022-03-22,-15 day ahead inc hosp,quantile,0.5,133,COVID-19
DE-HH,00+,2022-04-06,2022-03-22,-15 day ahead inc hosp,quantile,0.75,133,COVID-19
DE-HH,00+,2022-04-06,2022-03-22,-15 day ahead inc hosp,quantile,0.9,133,COVID-19
DE-HH,00+,2022-04-06,2022-03-22,-15 day ahead inc hosp,quantile,0.975,133,COVID-19
DE-HH,00+,2022-04-06,2022-03-23,-14 day ahead inc hosp,mean,NA,135,COVID-19
DE-HH,00+,2022-04-06,2022-03-23,-14 day ahead inc hosp,quantile,0.025,135,COVID-19
DE-HH,00+,2022-04-06,2022-03-23,-14 day ahead inc hosp,quantile,0.1,135,COVID-19
DE-HH,00+,2022-04-06,2022-03-23,-14 day ahead inc hosp,quantile,0.25,135,COVID-19
DE-HH,00+,2022-04-06,2022-03-23,-14 day ahead inc hosp,quantile,0.5,135,COVID-19
DE-HH,00+,2022-04-06,2022-03-23,-14 day ahead inc hosp,quantile,0.75,135,COVID-19
DE-HH,00+,2022-04-06,2022-03-23,-14 day ahead inc hosp,quantile,0.9,135,COVID-19
DE-HH,00+,2022-04-06,2022-03-23,-14 day ahead inc hosp,quantile,0.975,135,COVID-19
DE-HH,00+,2022-04-06,2022-03-24,-13 day ahead inc hosp,mean,NA,136,COVID-19
DE-HH,00+,2022-04-06,2022-03-24,-13 day ahead inc hosp,quantile,0.025,136,COVID-19
DE-HH,00+,2022-04-06,2022-03-24,-13 day ahead inc hosp,quantile,0.1,136,COVID-19
DE-HH,00+,2022-04-06,2022-03-24,-13 day ahead inc hosp,quantile,0.25,136,COVID-19
DE-HH,00+,2022-04-06,2022-03-24,-13 day ahead inc hosp,quantile,0.5,136,COVID-19
DE-HH,00+,2022-04-06,2022-03-24,-13 day ahead inc hosp,quantile,0.75,136,COVID-19
DE-HH,00+,2022-04-06,2022-03-24,-13 day ahead inc hosp,quantile,0.9,136,COVID-19
DE-HH,00+,2022-04-06,2022-03-24,-13 day ahead inc hosp,quantile,0.975,136,COVID-19
DE-HH,00+,2022-04-06,2022-03-25,-12 day ahead inc hosp,mean,NA,132,COVID-19
DE-HH,00+,2022-04-06,2022-03-25,-12 day ahead inc hosp,quantile,0.025,132,COVID-19
DE-HH,00+,2022-04-06,2022-03-25,-12 day ahead inc hosp,quantile,0.1,132,COVID-19
DE-HH,00+,2022-04-06,2022-03-25,-12 day ahead inc hosp,quantile,0.25,132,COVID-19
DE-HH,00+,2022-04-06,2022-03-25,-12 day ahead inc hosp,quantile,0.5,132,COVID-19
DE-HH,00+,2022-04-06,2022-03-25,-12 day ahead inc hosp,quantile,0.75,132,COVID-19
DE-HH,00+,2022-04-06,2022-03-25,-12 day ahead inc hosp,quantile,0.9,132,COVID-19
DE-HH,00+,2022-04-06,2022-03-25,-12 day ahead inc hosp,quantile,0.975,132,COVID-19
DE-HH,00+,2022-04-06,2022-03-26,-11 day ahead inc hosp,mean,NA,140,COVID-19
DE-HH,00+,2022-04-06,2022-03-26,-11 day ahead inc hosp,quantile,0.025,140,COVID-19
DE-HH,00+,2022-04-06,2022-03-26,-11 day ahead inc hosp,quantile,0.1,140,COVID-19
DE-HH,00+,2022-04-06,2022-03-26,-11 day ahead inc hosp,quantile,0.25,140,COVID-19
DE-HH,00+,2022-04-06,2022-03-26,-11 day ahead inc hosp,quantile,0.5,140,COVID-19
DE-HH,00+,2022-04-06,2022-03-26,-11 day ahead inc hosp,quantile,0.75,140,COVID-19
DE-HH,00+,2022-04-06,2022-03-26,-11 day ahead inc hosp,quantile,0.9,140,COVID-19
DE-HH,00+,2022-04-06,2022-03-26,-11 day ahead inc hosp,quantile,0.975,140,COVID-19
DE-HH,00+,2022-04-06,2022-03-27,-10 day ahead inc hosp,mean,NA,139,COVID-19
DE-HH,00+,2022-04-06,2022-03-27,-10 day ahead inc hosp,quantile,0.025,139,COVID-19
DE-HH,00+,2022-04-06,2022-03-27,-10 day ahead inc hosp,quantile,0.1,139,COVID-19
DE-HH,00+,2022-04-06,2022-03-27,-10 day ahead inc hosp,quantile,0.25,139,COVID-19
DE-HH,00+,2022-04-06,2022-03-27,-10 day ahead inc hosp,quantile,0.5,139,COVID-19
DE-HH,00+,2022-04-06,2022-03-27,-10 day ahead inc hosp,quantile,0.75,139,COVID-19
DE-HH,00+,2022-04-06,2022-03-27,-10 day ahead inc hosp,quantile,0.9,139,COVID-19
DE-HH,00+,2022-04-06,2022-03-27,-10 day ahead inc hosp,quantile,0.975,139,COVID-19
DE-HH,00+,2022-04-06,2022-03-28,-9 day ahead inc hosp,mean,NA,145,COVID-19
DE-HH,00+,2022-04-06,2022-03-28,-9 day ahead inc hosp,quantile,0.025,145,COVID-19
DE-HH,00+,2022-04-06,2022-03-28,-9 day ahead inc hosp,quantile,0.1,145,COVID-19
DE-HH,00+,2022-04-06,2022-03-28,-9 day ahead inc hosp,quantile,0.25,145,COVID-19
DE-HH,00+,2022-04-06,2022-03-28,-9 day ahead inc hosp,quantile,0.5,145,COVID-19
DE-HH,00+,2022-04-06,2022-03-28,-9 day ahead inc hosp,quantile,0.75,145,COVID-19
DE-HH,00+,2022-04-06,2022-03-28,-9 day ahead inc hosp,quantile,0.9,145,COVID-19
DE-HH,00+,2022-04-06,2022-03-28,-9 day ahead inc hosp,quantile,0.975,145,COVID-19
DE-HH,00+,2022-04-06,2022-03-29,-8 day ahead inc hosp,mean,NA,141,COVID-19
DE-HH,00+,2022-04-06,2022-03-29,-8 day ahead inc hosp,quantile,0.025,141,COVID-19
DE-HH,00+,2022-04-06,2022-03-29,-8 day ahead inc hosp,quantile,0.1,141,COVID-19
DE-HH,00+,2022-04-06,2022-03-29,-8 day ahead inc hosp,quantile,0.25,141,COVID-19
DE-HH,00+,2022-04-06,2022-03-29,-8 day ahead inc hosp,quantile,0.5,141,COVID-19
DE-HH,00+,2022-04-06,2022-03-29,-8 day ahead inc hosp,quantile,0.75,141,COVID-19
DE-HH,00+,2022-04-06,2022-03-29,-8 day ahead inc hosp,quantile,0.9,141,COVID-19
DE-HH,00+,2022-04-06,2022-03-29,-8 day ahead inc hosp,quantile,0.975,141,COVID-19
DE-HH,00+,2022-04-06,2022-03-30,-7 day ahead inc hosp,mean,NA,132,COVID-19
DE-HH,00+,2022-04-06,2022-03-30,-7 day ahead inc hosp,quantile,0.025,132,COVID-19
DE-HH,00+,2022-04-06,2022-03-30,-7 day ahead inc hosp,quantile,0.1,132,COVID-19
DE-HH,00+,2022-04-06,2022-03-30,-7 day ahead inc hosp,quantile,0.25,132,COVID-19
DE-HH,00+,2022-04-06,2022-03-30,-7 day ahead inc hosp,quantile,0.5,132,COVID-19
DE-HH,00+,2022-04-06,2022-03-30,-7 day ahead inc hosp,quantile,0.75,132,COVID-19
DE-HH,00+,2022-04-06,2022-03-30,-7 day ahead inc hosp,quantile,0.9,132,COVID-19
DE-HH,00+,2022-04-06,2022-03-30,-7 day ahead inc hosp,quantile,0.975,132,COVID-19
DE-HH,00+,2022-04-06,2022-03-31,-6 day ahead inc hosp,mean,NA,122,COVID-19
DE-HH,00+,2022-04-06,2022-03-31,-6 day ahead inc hosp,quantile,0.025,122,COVID-19
DE-HH,00+,2022-04-06,2022-03-31,-6 day ahead inc hosp,quantile,0.1,122,COVID-19
DE-HH,00+,2022-04-06,2022-03-31,-6 day ahead inc hosp,quantile,0.25,122,COVID-19
DE-HH,00+,2022-04-06,2022-03-31,-6 day ahead inc hosp,quantile,0.5,122,COVID-19
DE-HH,00+,2022-04-06,2022-03-31,-6 day ahead inc hosp,quantile,0.75,122,COVID-19
DE-HH,00+,2022-04-06,2022-03-31,-6 day ahead inc hosp,quantile,0.9,122,COVID-19
DE-HH,00+,2022-04-06,2022-03-31,-6 day ahead inc hosp,quantile,0.975,122,COVID-19
DE-HH,00+,2022-04-06,2022-04-01,-5 day ahead inc hosp,mean,NA,115,COVID-19
DE-HH,00+,2022-04-06,2022-04-01,-5 day ahead inc hosp,quantile,0.025,115,COVID-19
DE-HH,00+,2022-04-06,2022-04-01,-5 day ahead inc hosp,quantile,0.1,115,COVID-19
DE-HH,00+,2022-04-06,2022-04-01,-5 day ahead inc hosp,quantile,0.25,115,COVID-19
DE-HH,00+,2022-04-06,2022-04-01,-5 day ahead inc hosp,quantile,0.5,115,COVID-19
DE-HH,00+,2022-04-06,2022-04-01,-5 day ahead inc hosp,quantile,0.75,115,COVID-19
DE-HH,00+,2022-04-06,2022-04-01,-5 day ahead inc hosp,quantile,0.9,115,COVID-19
DE-HH,00+,2022-04-06,2022-04-01,-5 day ahead inc hosp,quantile,0.975,115,COVID-19
DE-HH,00+,2022-04-06,2022-04-02,-4 day ahead inc hosp,mean,NA,96,COVID-19
DE-HH,00+,2022-04-06,2022-04-02,-4 day ahead inc hosp,quantile,0.025,96,COVID-19
DE-HH,00+,2022-04-06,2022-04-02,-4 day ahead inc hosp,quantile,0.1,96,COVID-19
DE-HH,00+,2022-04-06,2022-04-02,-4 day ahead inc hosp,quantile,0.25,96,COVID-19
DE-HH,00+,2022-04-06,2022-04-02,-4 day ahead inc hosp,quantile,0.5,96,COVID-19
DE-HH,00+,2022-04-06,2022-04-02,-4 day ahead inc hosp,quantile,0.75,96,COVID-19
DE-HH,00+,2022-04-06,2022-04-02,-4 day ahead inc hosp,quantile,0.9,96,COVID-19
DE-HH,00+,2022-04-06,2022-04-02,-4 day ahead inc hosp,quantile,0.975,96,COVID-19
DE-HH,00+,2022-04-06,2022-04-03,-3 day ahead inc hosp,mean,NA,94,COVID-19
DE-HH,00+,2022-04-06,2022-04-03,-3 day ahead inc hosp,quantile,0.025,94,COVID-19
DE-HH,00+,2022-04-06,2022-04-03,-3 day ahead inc hosp,quantile,0.1,94,COVID-19
DE-HH,00+,2022-04-06,2022-04-03,-3 day ahead inc hosp,quantile,0.25,94,COVID-19
DE-HH,00+,2022-04-06,2022-04-03,-3 day ahead inc hosp,quantile,0.5,94,COVID-19
DE-HH,00+,2022-04-06,2022-04-03,-3 day ahead inc hosp,quantile,0.75,94,COVID-19
DE-HH,00+,2022-04-06,2022-04-03,-3 day ahead inc hosp,quantile,0.9,94,COVID-19
DE-HH,00+,2022-04-06,2022-04-03,-3 day ahead inc hosp,quantile,0.975,94,COVID-19
DE-HH,00+,2022-04-06,2022-04-04,-2 day ahead inc hosp,mean,NA,87,COVID-19
DE-HH,00+,2022-04-06,2022-04-04,-2 day ahead inc hosp,quantile,0.025,87,COVID-19
DE-HH,00+,2022-04-06,2022-04-04,-2 day ahead inc hosp,quantile,0.1,87,COVID-19
DE-HH,00+,2022-04-06,2022-04-04,-2 day ahead inc hosp,quantile,0.25,87,COVID-19
DE-HH,00+,2022-04-06,2022-04-04,-2 day ahead inc hosp,quantile,0.5,87,COVID-19
DE-HH,00+,2022-04-06,2022-04-04,-2 day ahead inc hosp,quantile,0.75,87,COVID-19
DE-HH,00+,2022-04-06,2022-04-04,-2 day ahead inc hosp,quantile,0.9,87,COVID-19
DE-HH,00+,2022-04-06,2022-04-04,-2 day ahead inc hosp,quantile,0.975,87,COVID-19
DE-HH,00+,2022-04-06,2022-04-05,-1 day ahead inc hosp,mean,NA,83,COVID-19
DE-HH,00+,2022-04-06,2022-04-05,-1 day ahead inc hosp,quantile,0.025,83,COVID-19
DE-HH,00+,2022-04-06,2022-04-05,-1 day ahead inc hosp,quantile,0.1,83,COVID-19
DE-HH,00+,2022-04-06,2022-04-05,-1 day ahead inc hosp,quantile,0.25,83,COVID-19
DE-HH,00+,2022-04-06,2022-04-05,-1 day ahead inc hosp,quantile,0.5,83,COVID-19
DE-HH,00+,2022-04-06,2022-04-05,-1 day ahead inc hosp,quantile,0.75,83,COVID-19
DE-HH,00+,2022-04-06,2022-04-05,-1 day ahead inc hosp,quantile,0.9,83,COVID-19
DE-HH,00+,2022-04-06,2022-04-05,-1 day ahead inc hosp,quantile,0.975,83,COVID-19
DE-HH,00+,2022-04-06,2022-04-06,0 day ahead inc hosp,mean,NA,61,COVID-19
DE-HH,00+,2022-04-06,2022-04-06,0 day ahead inc hosp,quantile,0.025,61,COVID-19
DE-HH,00+,2022-04-06,2022-04-06,0 day ahead inc hosp,quantile,0.1,61,COVID-19
DE-HH,00+,2022-04-06,2022-04-06,0 day ahead inc hosp,quantile,0.25,61,COVID-19
DE-HH,00+,2022-04-06,2022-04-06,0 day ahead inc hosp,quantile,0.5,61,COVID-19
DE-HH,00+,2022-04-06,2022-04-06,0 day ahead inc hosp,quantile,0.75,61,COVID-19
DE-HH,00+,2022-04-06,2022-04-06,0 day ahead inc hosp,quantile,0.9,61,COVID-19
DE-HH,00+,2022-04-06,2022-04-06,0 day ahead inc hosp,quantile,0.975,61,COVID-19
DE-MV,00+,2022-04-06,2022-03-09,-28 day ahead inc hosp,mean,NA,361,COVID-19
DE-MV,00+,2022-04-06,2022-03-09,-28 day ahead inc hosp,quantile,0.025,361,COVID-19
DE-MV,00+,2022-04-06,2022-03-09,-28 day ahead inc hosp,quantile,0.1,361,COVID-19
DE-MV,00+,2022-04-06,2022-03-09,-28 day ahead inc hosp,quantile,0.25,361,COVID-19
DE-MV,00+,2022-04-06,2022-03-09,-28 day ahead inc hosp,quantile,0.5,361,COVID-19
DE-MV,00+,2022-04-06,2022-03-09,-28 day ahead inc hosp,quantile,0.75,361,COVID-19
DE-MV,00+,2022-04-06,2022-03-09,-28 day ahead inc hosp,quantile,0.9,361,COVID-19
DE-MV,00+,2022-04-06,2022-03-09,-28 day ahead inc hosp,quantile,0.975,361,COVID-19
DE-MV,00+,2022-04-06,2022-03-10,-27 day ahead inc hosp,mean,NA,370,COVID-19
DE-MV,00+,2022-04-06,2022-03-10,-27 day ahead inc hosp,quantile,0.025,370,COVID-19
DE-MV,00+,2022-04-06,2022-03-10,-27 day ahead inc hosp,quantile,0.1,370,COVID-19
DE-MV,00+,2022-04-06,2022-03-10,-27 day ahead inc hosp,quantile,0.25,370,COVID-19
DE-MV,00+,2022-04-06,2022-03-10,-27 day ahead inc hosp,quantile,0.5,370,COVID-19
DE-MV,00+,2022-04-06,2022-03-10,-27 day ahead inc hosp,quantile,0.75,370,COVID-19
DE-MV,00+,2022-04-06,2022-03-10,-27 day ahead inc hosp,quantile,0.9,370,COVID-19
DE-MV,00+,2022-04-06,2022-03-10,-27 day ahead inc hosp,quantile,0.975,370,COVID-19
DE-MV,00+,2022-04-06,2022-03-11,-26 day ahead inc hosp,mean,NA,367,COVID-19
DE-MV,00+,2022-04-06,2022-03-11,-26 day ahead inc hosp,quantile,0.025,367,COVID-19
DE-MV,00+,2022-04-06,2022-03-11,-26 day ahead inc hosp,quantile,0.1,367,COVID-19
DE-MV,00+,2022-04-06,2022-03-11,-26 day ahead inc hosp,quantile,0.25,367,COVID-19
DE-MV,00+,2022-04-06,2022-03-11,-26 day ahead inc hosp,quantile,0.5,367,COVID-19
DE-MV,00+,2022-04-06,2022-03-11,-26 day ahead inc hosp,quantile,0.75,367,COVID-19
DE-MV,00+,2022-04-06,2022-03-11,-26 day ahead inc hosp,quantile,0.9,367,COVID-19
DE-MV,00+,2022-04-06,2022-03-11,-26 day ahead inc hosp,quantile,0.975,367,COVID-19
DE-MV,00+,2022-04-06,2022-03-12,-25 day ahead inc hosp,mean,NA,383,COVID-19
DE-MV,00+,2022-04-06,2022-03-12,-25 day ahead inc hosp,quantile,0.025,383,COVID-19
DE-MV,00+,2022-04-06,2022-03-12,-25 day ahead inc hosp,quantile,0.1,383,COVID-19
DE-MV,00+,2022-04-06,2022-03-12,-25 day ahead inc hosp,quantile,0.25,383,COVID-19
DE-MV,00+,2022-04-06,2022-03-12,-25 day ahead inc hosp,quantile,0.5,383,COVID-19
DE-MV,00+,2022-04-06,2022-03-12,-25 day ahead inc hosp,quantile,0.75,383,COVID-19
DE-MV,00+,2022-04-06,2022-03-12,-25 day ahead inc hosp,quantile,0.9,383,COVID-19
DE-MV,00+,2022-04-06,2022-03-12,-25 day ahead inc hosp,quantile,0.975,383,COVID-19
DE-MV,00+,2022-04-06,2022-03-13,-24 day ahead inc hosp,mean,NA,375,COVID-19
DE-MV,00+,2022-04-06,2022-03-13,-24 day ahead inc hosp,quantile,0.025,375,COVID-19
DE-MV,00+,2022-04-06,2022-03-13,-24 day ahead inc hosp,quantile,0.1,375,COVID-19
DE-MV,00+,2022-04-06,2022-03-13,-24 day ahead inc hosp,quantile,0.25,375,COVID-19
DE-MV,00+,2022-04-06,2022-03-13,-24 day ahead inc hosp,quantile,0.5,375,COVID-19
DE-MV,00+,2022-04-06,2022-03-13,-24 day ahead inc hosp,quantile,0.75,375,COVID-19
DE-MV,00+,2022-04-06,2022-03-13,-24 day ahead inc hosp,quantile,0.9,375,COVID-19
DE-MV,00+,2022-04-06,2022-03-13,-24 day ahead inc hosp,quantile,0.975,375,COVID-19
DE-MV,00+,2022-04-06,2022-03-14,-23 day ahead inc hosp,mean,NA,377,COVID-19
DE-MV,00+,2022-04-06,2022-03-14,-23 day ahead inc hosp,quantile,0.025,377,COVID-19
DE-MV,00+,2022-04-06,2022-03-14,-23 day ahead inc hosp,quantile,0.1,377,COVID-19
DE-MV,00+,2022-04-06,2022-03-14,-23 day ahead inc hosp,quantile,0.25,377,COVID-19
DE-MV,00+,2022-04-06,2022-03-14,-23 day ahead inc hosp,quantile,0.5,377,COVID-19
DE-MV,00+,2022-04-06,2022-03-14,-23 day ahead inc hosp,quantile,0.75,377,COVID-19
DE-MV,00+,2022-04-06,2022-03-14,-23 day ahead inc hosp,quantile,0.9,377,COVID-19
DE-MV,00+,2022-04-06,2022-03-14,-23 day ahead inc hosp,quantile,0.975,377,COVID-19
DE-MV,00+,2022-04-06,2022-03-15,-22 day ahead inc hosp,mean,NA,397,COVID-19
DE-MV,00+,2022-04-06,2022-03-15,-22 day ahead inc hosp,quantile,0.025,397,COVID-19
DE-MV,00+,2022-04-06,2022-03-15,-22 day ahead inc hosp,quantile,0.1,397,COVID-19
DE-MV,00+,2022-04-06,2022-03-15,-22 day ahead inc hosp,quantile,0.25,397,COVID-19
DE-MV,00+,2022-04-06,2022-03-15,-22 day ahead inc hosp,quantile,0.5,397,COVID-19
DE-MV,00+,2022-04-06,2022-03-15,-22 day ahead inc hosp,quantile,0.75,397,COVID-19
DE-MV,00+,2022-04-06,2022-03-15,-22 day ahead inc hosp,quantile,0.9,397,COVID-19
DE-MV,00+,2022-04-06,2022-03-15,-22 day ahead inc hosp,quantile,0.975,397,COVID-19
DE-MV,00+,2022-04-06,2022-03-16,-21 day ahead inc hosp,mean,NA,427,COVID-19
DE-MV,00+,2022-04-06,2022-03-16,-21 day ahead inc hosp,quantile,0.025,427,COVID-19
DE-MV,00+,2022-04-06,2022-03-16,-21 day ahead inc hosp,quantile,0.1,427,COVID-19
DE-MV,00+,2022-04-06,2022-03-16,-21 day ahead inc hosp,quantile,0.25,427,COVID-19
DE-MV,00+,2022-04-06,2022-03-16,-21 day ahead inc hosp,quantile,0.5,427,COVID-19
DE-MV,00+,2022-04-06,2022-03-16,-21 day ahead inc hosp,quantile,0.75,427,COVID-19
DE-MV,00+,2022-04-06,2022-03-16,-21 day ahead inc hosp,quantile,0.9,427,COVID-19
DE-MV,00+,2022-04-06,2022-03-16,-21 day ahead inc hosp,quantile,0.975,427,COVID-19
DE-MV,00+,2022-04-06,2022-03-17,-20 day ahead inc hosp,mean,NA,433,COVID-19
DE-MV,00+,2022-04-06,2022-03-17,-20 day ahead inc hosp,quantile,0.025,433,COVID-19
DE-MV,00+,2022-04-06,2022-03-17,-20 day ahead inc hosp,quantile,0.1,433,COVID-19
DE-MV,00+,2022-04-06,2022-03-17,-20 day ahead inc hosp,quantile,0.25,433,COVID-19
DE-MV,00+,2022-04-06,2022-03-17,-20 day ahead inc hosp,quantile,0.5,433,COVID-19
DE-MV,00+,2022-04-06,2022-03-17,-20 day ahead inc hosp,quantile,0.75,433,COVID-19
DE-MV,00+,2022-04-06,2022-03-17,-20 day ahead inc hosp,quantile,0.9,433,COVID-19
DE-MV,00+,2022-04-06,2022-03-17,-20 day ahead inc hosp,quantile,0.975,433,COVID-19
DE-MV,00+,2022-04-06,2022-03-18,-19 day ahead inc hosp,mean,NA,446,COVID-19
DE-MV,00+,2022-04-06,2022-03-18,-19 day ahead inc hosp,quantile,0.025,446,COVID-19
DE-MV,00+,2022-04-06,2022-03-18,-19 day ahead inc hosp,quantile,0.1,446,COVID-19
DE-MV,00+,2022-04-06,2022-03-18,-19 day ahead inc hosp,quantile,0.25,446,COVID-19
DE-MV,00+,2022-04-06,2022-03-18,-19 day ahead inc hosp,quantile,0.5,446,COVID-19
DE-MV,00+,2022-04-06,2022-03-18,-19 day ahead inc hosp,quantile,0.75,446,COVID-19
DE-MV,00+,2022-04-06,2022-03-18,-19 day ahead inc hosp,quantile,0.9,446,COVID-19
DE-MV,00+,2022-04-06,2022-03-18,-19 day ahead inc hosp,quantile,0.975,446,COVID-19
DE-MV,00+,2022-04-06,2022-03-19,-18 day ahead inc hosp,mean,NA,435,COVID-19
DE-MV,00+,2022-04-06,2022-03-19,-18 day ahead inc hosp,quantile,0.025,435,COVID-19
DE-MV,00+,2022-04-06,2022-03-19,-18 day ahead inc hosp,quantile,0.1,435,COVID-19
DE-MV,00+,2022-04-06,2022-03-19,-18 day ahead inc hosp,quantile,0.25,435,COVID-19
DE-MV,00+,2022-04-06,2022-03-19,-18 day ahead inc hosp,quantile,0.5,435,COVID-19
DE-MV,00+,2022-04-06,2022-03-19,-18 day ahead inc hosp,quantile,0.75,435,COVID-19
DE-MV,00+,2022-04-06,2022-03-19,-18 day ahead inc hosp,quantile,0.9,435,COVID-19
DE-MV,00+,2022-04-06,2022-03-19,-18 day ahead inc hosp,quantile,0.975,435,COVID-19
DE-MV,00+,2022-04-06,2022-03-20,-17 day ahead inc hosp,mean,NA,440,COVID-19
DE-MV,00+,2022-04-06,2022-03-20,-17 day ahead inc hosp,quantile,0.025,440,COVID-19
DE-MV,00+,2022-04-06,2022-03-20,-17 day ahead inc hosp,quantile,0.1,440,COVID-19
DE-MV,00+,2022-04-06,2022-03-20,-17 day ahead inc hosp,quantile,0.25,440,COVID-19
DE-MV,00+,2022-04-06,2022-03-20,-17 day ahead inc hosp,quantile,0.5,440,COVID-19
DE-MV,00+,2022-04-06,2022-03-20,-17 day ahead inc hosp,quantile,0.75,440,COVID-19
DE-MV,00+,2022-04-06,2022-03-20,-17 day ahead inc hosp,quantile,0.9,440,COVID-19
DE-MV,00+,2022-04-06,2022-03-20,-17 day ahead inc hosp,quantile,0.975,440,COVID-19
DE-MV,00+,2022-04-06,2022-03-21,-16 day ahead inc hosp,mean,NA,461,COVID-19
DE-MV,00+,2022-04-06,2022-03-21,-16 day ahead inc hosp,quantile,0.025,461,COVID-19
DE-MV,00+,2022-04-06,2022-03-21,-16 day ahead inc hosp,quantile,0.1,461,COVID-19
DE-MV,00+,2022-04-06,2022-03-21,-16 day ahead inc hosp,quantile,0.25,461,COVID-19
DE-MV,00+,2022-04-06,2022-03-21,-16 day ahead inc hosp,quantile,0.5,461,COVID-19
DE-MV,00+,2022-04-06,2022-03-21,-16 day ahead inc hosp,quantile,0.75,461,COVID-19
DE-MV,00+,2022-04-06,2022-03-21,-16 day ahead inc hosp,quantile,0.9,461,COVID-19
DE-MV,00+,2022-04-06,2022-03-21,-16 day ahead inc hosp,quantile,0.975,461,COVID-19
DE-MV,00+,2022-04-06,2022-03-22,-15 day ahead inc hosp,mean,NA,453,COVID-19
DE-MV,00+,2022-04-06,2022-03-22,-15 day ahead inc hosp,quantile,0.025,453,COVID-19
DE-MV,00+,2022-04-06,2022-03-22,-15 day ahead inc hosp,quantile,0.1,453,COVID-19
DE-MV,00+,2022-04-06,2022-03-22,-15 day ahead inc hosp,quantile,0.25,453,COVID-19
DE-MV,00+,2022-04-06,2022-03-22,-15 day ahead inc hosp,quantile,0.5,453,COVID-19
DE-MV,00+,2022-04-06,2022-03-22,-15 day ahead inc hosp,quantile,0.75,453,COVID-19
DE-MV,00+,2022-04-06,2022-03-22,-15 day ahead inc hosp,quantile,0.9,453,COVID-19
DE-MV,00+,2022-04-06,2022-03-22,-15 day ahead inc hosp,quantile,0.975,453,COVID-19
DE-MV,00+,2022-04-06,2022-03-23,-14 day ahead inc hosp,mean,NA,416,COVID-19
DE-MV,00+,2022-04-06,2022-03-23,-14 day ahead inc hosp,quantile,0.025,416,COVID-19
DE-MV,00+,2022-04-06,2022-03-23,-14 day ahead inc hosp,quantile,0.1,416,COVID-19
DE-MV,00+,2022-04-06,2022-03-23,-14 day ahead inc hosp,quantile,0.25,416,COVID-19
DE-MV,00+,2022-04-06,2022-03-23,-14 day ahead inc hosp,quantile,0.5,416,COVID-19
DE-MV,00+,2022-04-06,2022-03-23,-14 day ahead inc hosp,quantile,0.75,416,COVID-19
DE-MV,00+,2022-04-06,2022-03-23,-14 day ahead inc hosp,quantile,0.9,416,COVID-19
DE-MV,00+,2022-04-06,2022-03-23,-14 day ahead inc hosp,quantile,0.975,416,COVID-19
DE-MV,00+,2022-04-06,2022-03-24,-13 day ahead inc hosp,mean,NA,420,COVID-19
DE-MV,00+,2022-04-06,2022-03-24,-13 day ahead inc hosp,quantile,0.025,420,COVID-19
DE-MV,00+,2022-04-06,2022-03-24,-13 day ahead inc hosp,quantile,0.1,420,COVID-19
DE-MV,00+,2022-04-06,2022-03-24,-13 day ahead inc hosp,quantile,0.25,420,COVID-19
DE-MV,00+,2022-04-06,2022-03-24,-13 day ahead inc hosp,quantile,0.5,420,COVID-19
DE-MV,00+,2022-04-06,2022-03-24,-13 day ahead inc hosp,quantile,0.75,420,COVID-19
DE-MV,00+,2022-04-06,2022-03-24,-13 day ahead inc hosp,quantile,0.9,420,COVID-19
DE-MV,00+,2022-04-06,2022-03-24,-13 day ahead inc hosp,quantile,0.975,420,COVID-19
DE-MV,00+,2022-04-06,2022-03-25,-12 day ahead inc hosp,mean,NA,434,COVID-19
DE-MV,00+,2022-04-06,2022-03-25,-12 day ahead inc hosp,quantile,0.025,434,COVID-19
DE-MV,00+,2022-04-06,2022-03-25,-12 day ahead inc hosp,quantile,0.1,434,COVID-19
DE-MV,00+,2022-04-06,2022-03-25,-12 day ahead inc hosp,quantile,0.25,434,COVID-19
DE-MV,00+,2022-04-06,2022-03-25,-12 day ahead inc hosp,quantile,0.5,434,COVID-19
DE-MV,00+,2022-04-06,2022-03-25,-12 day ahead inc hosp,quantile,0.75,434,COVID-19
DE-MV,00+,2022-04-06,2022-03-25,-12 day ahead inc hosp,quantile,0.9,434,COVID-19
DE-MV,00+,2022-04-06,2022-03-25,-12 day ahead inc hosp,quantile,0.975,434,COVID-19
DE-MV,00+,2022-04-06,2022-03-26,-11 day ahead inc hosp,mean,NA,444,COVID-19
DE-MV,00+,2022-04-06,2022-03-26,-11 day ahead inc hosp,quantile,0.025,444,COVID-19
DE-MV,00+,2022-04-06,2022-03-26,-11 day ahead inc hosp,quantile,0.1,444,COVID-19
DE-MV,00+,2022-04-06,2022-03-26,-11 day ahead inc hosp,quantile,0.25,444,COVID-19
DE-MV,00+,2022-04-06,2022-03-26,-11 day ahead inc hosp,quantile,0.5,444,COVID-19
DE-MV,00+,2022-04-06,2022-03-26,-11 day ahead inc hosp,quantile,0.75,444,COVID-19
DE-MV,00+,2022-04-06,2022-03-26,-11 day ahead inc hosp,quantile,0.9,444,COVID-19
DE-MV,00+,2022-04-06,2022-03-26,-11 day ahead inc hosp,quantile,0.975,444,COVID-19
DE-MV,00+,2022-04-06,2022-03-27,-10 day ahead inc hosp,mean,NA,440,COVID-19
DE-MV,00+,2022-04-06,2022-03-27,-10 day ahead inc hosp,quantile,0.025,440,COVID-19
DE-MV,00+,2022-04-06,2022-03-27,-10 day ahead inc hosp,quantile,0.1,440,COVID-19
DE-MV,00+,2022-04-06,2022-03-27,-10 day ahead inc hosp,quantile,0.25,440,COVID-19
DE-MV,00+,2022-04-06,2022-03-27,-10 day ahead inc hosp,quantile,0.5,440,COVID-19
DE-MV,00+,2022-04-06,2022-03-27,-10 day ahead inc hosp,quantile,0.75,440,COVID-19
DE-MV,00+,2022-04-06,2022-03-27,-10 day ahead inc hosp,quantile,0.9,440,COVID-19
DE-MV,00+,2022-04-06,2022-03-27,-10 day ahead inc hosp,quantile,0.975,440,COVID-19
DE-MV,00+,2022-04-06,2022-03-28,-9 day ahead inc hosp,mean,NA,413,COVID-19
DE-MV,00+,2022-04-06,2022-03-28,-9 day ahead inc hosp,quantile,0.025,413,COVID-19
DE-MV,00+,2022-04-06,2022-03-28,-9 day ahead inc hosp,quantile,0.1,413,COVID-19
DE-MV,00+,2022-04-06,2022-03-28,-9 day ahead inc hosp,quantile,0.25,413,COVID-19
DE-MV,00+,2022-04-06,2022-03-28,-9 day ahead inc hosp,quantile,0.5,413,COVID-19
DE-MV,00+,2022-04-06,2022-03-28,-9 day ahead inc hosp,quantile,0.75,413,COVID-19
DE-MV,00+,2022-04-06,2022-03-28,-9 day ahead inc hosp,quantile,0.9,413,COVID-19
DE-MV,00+,2022-04-06,2022-03-28,-9 day ahead inc hosp,quantile,0.975,413,COVID-19
DE-MV,00+,2022-04-06,2022-03-29,-8 day ahead inc hosp,mean,NA,413,COVID-19
DE-MV,00+,2022-04-06,2022-03-29,-8 day ahead inc hosp,quantile,0.025,413,COVID-19
DE-MV,00+,2022-04-06,2022-03-29,-8 day ahead inc hosp,quantile,0.1,413,COVID-19
DE-MV,00+,2022-04-06,2022-03-29,-8 day ahead inc hosp,quantile,0.25,413,COVID-19
DE-MV,00+,2022-04-06,2022-03-29,-8 day ahead inc hosp,quantile,0.5,413,COVID-19
DE-MV,00+,2022-04-06,2022-03-29,-8 day ahead inc hosp,quantile,0.75,413,COVID-19
DE-MV,00+,2022-04-06,2022-03-29,-8 day ahead inc hosp,quantile,0.9,413,COVID-19
DE-MV,00+,2022-04-06,2022-03-29,-8 day ahead inc hosp,quantile,0.975,413,COVID-19
DE-MV,00+,2022-04-06,2022-03-30,-7 day ahead inc hosp,mean,NA,404,COVID-19
DE-MV,00+,2022-04-06,2022-03-30,-7 day ahead inc hosp,quantile,0.025,404,COVID-19
DE-MV,00+,2022-04-06,2022-03-30,-7 day ahead inc hosp,quantile,0.1,404,COVID-19
DE-MV,00+,2022-04-06,2022-03-30,-7 day ahead inc hosp,quantile,0.25,404,COVID-19
DE-MV,00+,2022-04-06,2022-03-30,-7 day ahead inc hosp,quantile,0.5,404,COVID-19
DE-MV,00+,2022-04-06,2022-03-30,-7 day ahead inc hosp,quantile,0.75,404,COVID-19
DE-MV,00+,2022-04-06,2022-03-30,-7 day ahead inc hosp,quantile,0.9,404,COVID-19
DE-MV,00+,2022-04-06,2022-03-30,-7 day ahead inc hosp,quantile,0.975,404,COVID-19
DE-MV,00+,2022-04-06,2022-03-31,-6 day ahead inc hosp,mean,NA,381,COVID-19
DE-MV,00+,2022-04-06,2022-03-31,-6 day ahead inc hosp,quantile,0.025,381,COVID-19
DE-MV,00+,2022-04-06,2022-03-31,-6 day ahead inc hosp,quantile,0.1,381,COVID-19
DE-MV,00+,2022-04-06,2022-03-31,-6 day ahead inc hosp,quantile,0.25,381,COVID-19
DE-MV,00+,2022-04-06,2022-03-31,-6 day ahead inc hosp,quantile,0.5,381,COVID-19
DE-MV,00+,2022-04-06,2022-03-31,-6 day ahead inc hosp,quantile,0.75,381,COVID-19
DE-MV,00+,2022-04-06,2022-03-31,-6 day ahead inc hosp,quantile,0.9,381,COVID-19
DE-MV,00+,2022-04-06,2022-03-31,-6 day ahead inc hosp,quantile,0.975,381,COVID-19
DE-MV,00+,2022-04-06,2022-04-01,-5 day ahead inc hosp,mean,NA,341,COVID-19
DE-MV,00+,2022-04-06,2022-04-01,-5 day ahead inc hosp,quantile,0.025,341,COVID-19
DE-MV,00+,2022-04-06,2022-04-01,-5 day ahead inc hosp,quantile,0.1,341,COVID-19
DE-MV,00+,2022-04-06,2022-04-01,-5 day ahead inc hosp,quantile,0.25,341,COVID-19
DE-MV,00+,2022-04-06,2022-04-01,-5 day ahead inc hosp,quantile,0.5,341,COVID-19
DE-MV,00+,2022-04-06,2022-04-01,-5 day ahead inc hosp,quantile,0.75,341,COVID-19
DE-MV,00+,2022-04-06,2022-04-01,-5 day ahead inc hosp,quantile,0.9,341,COVID-19
DE-MV,00+,2022-04-06,2022-04-01,-5 day ahead inc hosp,quantile,0.975,341,COVID-19
DE-MV,00+,2022-04-06,2022-04-02,-4 day ahead inc hosp,mean,NA,284,COVID-19
DE-MV,00+,2022-04-06,2022-04-02,-4 day ahead inc hosp,quantile,0.025,284,COVID-19
DE-MV,00+,2022-04-06,2022-04-02,-4 day ahead inc hosp,quantile,0.1,284,COVID-19
DE-MV,00+,2022-04-06,2022-04-02,-4 day ahead inc hosp,quantile,0.25,284,COVID-19
DE-MV,00+,2022-04-06,2022-04-02,-4 day ahead inc hosp,quantile,0.5,284,COVID-19
DE-MV,00+,2022-04-06,2022-04-02,-4 day ahead inc hosp,quantile,0.75,284,COVID-19
DE-MV,00+,2022-04-06,2022-04-02,-4 day ahead inc hosp,quantile,0.9,284,COVID-19
DE-MV,00+,2022-04-06,2022-04-02,-4 day ahead inc hosp,quantile,0.975,284,COVID-19
DE-MV,00+,2022-04-06,2022-04-03,-3 day ahead inc hosp,mean,NA,263,COVID-19
DE-MV,00+,2022-04-06,2022-04-03,-3 day ahead inc hosp,quantile,0.025,263,COVID-19
DE-MV,00+,2022-04-06,2022-04-03,-3 day ahead inc hosp,quantile,0.1,263,COVID-19
DE-MV,00+,2022-04-06,2022-04-03,-3 day ahead inc hosp,quantile,0.25,263,COVID-19
DE-MV,00+,2022-04-06,2022-04-03,-3 day ahead inc hosp,quantile,0.5,263,COVID-19
DE-MV,00+,2022-04-06,2022-04-03,-3 day ahead inc hosp,quantile,0.75,263,COVID-19
DE-MV,00+,2022-04-06,2022-04-03,-3 day ahead inc hosp,quantile,0.9,263,COVID-19
DE-MV,00+,2022-04-06,2022-04-03,-3 day ahead inc hosp,quantile,0.975,263,COVID-19
DE-MV,00+,2022-04-06,2022-04-04,-2 day ahead inc hosp,mean,NA,260,COVID-19
DE-MV,00+,2022-04-06,2022-04-04,-2 day ahead inc hosp,quantile,0.025,260,COVID-19
DE-MV,00+,2022-04-06,2022-04-04,-2 day ahead inc hosp,quantile,0.1,260,COVID-19
DE-MV,00+,2022-04-06,2022-04-04,-2 day ahead inc hosp,quantile,0.25,260,COVID-19
DE-MV,00+,2022-04-06,2022-04-04,-2 day ahead inc hosp,quantile,0.5,260,COVID-19
DE-MV,00+,2022-04-06,2022-04-04,-2 day ahead inc hosp,quantile,0.75,260,COVID-19
DE-MV,00+,2022-04-06,2022-04-04,-2 day ahead inc hosp,quantile,0.9,260,COVID-19
DE-MV,00+,2022-04-06,2022-04-04,-2 day ahead inc hosp,quantile,0.975,260,COVID-19
DE-MV,00+,2022-04-06,2022-04-05,-1 day ahead inc hosp,mean,NA,252,COVID-19
DE-MV,00+,2022-04-06,2022-04-05,-1 day ahead inc hosp,quantile,0.025,252,COVID-19
DE-MV,00+,2022-04-06,2022-04-05,-1 day ahead inc hosp,quantile,0.1,252,COVID-19
DE-MV,00+,2022-04-06,2022-04-05,-1 day ahead inc hosp,quantile,0.25,252,COVID-19
DE-MV,00+,2022-04-06,2022-04-05,-1 day ahead inc hosp,quantile,0.5,252,COVID-19
DE-MV,00+,2022-04-06,2022-04-05,-1 day ahead inc hosp,quantile,0.75,252,COVID-19
DE-MV,00+,2022-04-06,2022-04-05,-1 day ahead inc hosp,quantile,0.9,252,COVID-19
DE-MV,00+,2022-04-06,2022-04-05,-1 day ahead inc hosp,quantile,0.975,252,COVID-19
DE-MV,00+,2022-04-06,2022-04-06,0 day ahead inc hosp,mean,NA,227,COVID-19
DE-MV,00+,2022-04-06,2022-04-06,0 day ahead inc hosp,quantile,0.025,227,COVID-19
DE-MV,00+,2022-04-06,2022-04-06,0 day ahead inc hosp,quantile,0.1,227,COVID-19
DE-MV,00+,2022-04-06,2022-04-06,0 day ahead inc hosp,quantile,0.25,227,COVID-19
DE-MV,00+,2022-04-06,2022-04-06,0 day ahead inc hosp,quantile,0.5,227,COVID-19
DE-MV,00+,2022-04-06,2022-04-06,0 day ahead inc hosp,quantile,0.75,227,COVID-19
DE-MV,00+,2022-04-06,2022-04-06,0 day ahead inc hosp,quantile,0.9,227,COVID-19
DE-MV,00+,2022-04-06,2022-04-06,0 day ahead inc hosp,quantile,0.975,227,COVID-19
DE-NI,00+,2022-04-06,2022-03-09,-28 day ahead inc hosp,mean,NA,614,COVID-19
DE-NI,00+,2022-04-06,2022-03-09,-28 day ahead inc hosp,quantile,0.025,614,COVID-19
DE-NI,00+,2022-04-06,2022-03-09,-28 day ahead inc hosp,quantile,0.1,614,COVID-19
DE-NI,00+,2022-04-06,2022-03-09,-28 day ahead inc hosp,quantile,0.25,614,COVID-19
DE-NI,00+,2022-04-06,2022-03-09,-28 day ahead inc hosp,quantile,0.5,614,COVID-19
DE-NI,00+,2022-04-06,2022-03-09,-28 day ahead inc hosp,quantile,0.75,614,COVID-19
DE-NI,00+,2022-04-06,2022-03-09,-28 day ahead inc hosp,quantile,0.9,614,COVID-19
DE-NI,00+,2022-04-06,2022-03-09,-28 day ahead inc hosp,quantile,0.975,614,COVID-19
DE-NI,00+,2022-04-06,2022-03-10,-27 day ahead inc hosp,mean,NA,590,COVID-19
DE-NI,00+,2022-04-06,2022-03-10,-27 day ahead inc hosp,quantile,0.025,590,COVID-19
DE-NI,00+,2022-04-06,2022-03-10,-27 day ahead inc hosp,quantile,0.1,590,COVID-19
DE-NI,00+,2022-04-06,2022-03-10,-27 day ahead inc hosp,quantile,0.25,590,COVID-19
DE-NI,00+,2022-04-06,2022-03-10,-27 day ahead inc hosp,quantile,0.5,590,COVID-19
DE-NI,00+,2022-04-06,2022-03-10,-27 day ahead inc hosp,quantile,0.75,590,COVID-19
DE-NI,00+,2022-04-06,2022-03-10,-27 day ahead inc hosp,quantile,0.9,590,COVID-19
DE-NI,00+,2022-04-06,2022-03-10,-27 day ahead inc hosp,quantile,0.975,590,COVID-19
DE-NI,00+,2022-04-06,2022-03-11,-26 day ahead inc hosp,mean,NA,576,COVID-19
DE-NI,00+,2022-04-06,2022-03-11,-26 day ahead inc hosp,quantile,0.025,576,COVID-19
DE-NI,00+,2022-04-06,2022-03-11,-26 day ahead inc hosp,quantile,0.1,576,COVID-19
DE-NI,00+,2022-04-06,2022-03-11,-26 day ahead inc hosp,quantile,0.25,576,COVID-19
DE-NI,00+,2022-04-06,2022-03-11,-26 day ahead inc hosp,quantile,0.5,576,COVID-19
DE-NI,00+,2022-04-06,2022-03-11,-26 day ahead inc hosp,quantile,0.75,576,COVID-19
DE-NI,00+,2022-04-06,2022-03-11,-26 day ahead inc hosp,quantile,0.9,576,COVID-19
DE-NI,00+,2022-04-06,2022-03-11,-26 day ahead inc hosp,quantile,0.975,576,COVID-19
DE-NI,00+,2022-04-06,2022-03-12,-25 day ahead inc hosp,mean,NA,579,COVID-19
DE-NI,00+,2022-04-06,2022-03-12,-25 day ahead inc hosp,quantile,0.025,579,COVID-19
DE-NI,00+,2022-04-06,2022-03-12,-25 day ahead inc hosp,quantile,0.1,579,COVID-19
DE-NI,00+,2022-04-06,2022-03-12,-25 day ahead inc hosp,quantile,0.25,579,COVID-19
DE-NI,00+,2022-04-06,2022-03-12,-25 day ahead inc hosp,quantile,0.5,579,COVID-19
DE-NI,00+,2022-04-06,2022-03-12,-25 day ahead inc hosp,quantile,0.75,579,COVID-19
DE-NI,00+,2022-04-06,2022-03-12,-25 day ahead inc hosp,quantile,0.9,579,COVID-19
DE-NI,00+,2022-04-06,2022-03-12,-25 day ahead inc hosp,quantile,0.975,579,COVID-19
DE-NI,00+,2022-04-06,2022-03-13,-24 day ahead inc hosp,mean,NA,598,COVID-19
DE-NI,00+,2022-04-06,2022-03-13,-24 day ahead inc hosp,quantile,0.025,598,COVID-19
DE-NI,00+,2022-04-06,2022-03-13,-24 day ahead inc hosp,quantile,0.1,598,COVID-19
DE-NI,00+,2022-04-06,2022-03-13,-24 day ahead inc hosp,quantile,0.25,598,COVID-19
DE-NI,00+,2022-04-06,2022-03-13,-24 day ahead inc hosp,quantile,0.5,598,COVID-19
DE-NI,00+,2022-04-06,2022-03-13,-24 day ahead inc hosp,quantile,0.75,598,COVID-19
DE-NI,00+,2022-04-06,2022-03-13,-24 day ahead inc hosp,quantile,0.9,598,COVID-19
DE-NI,00+,2022-04-06,2022-03-13,-24 day ahead inc hosp,quantile,0.975,598,COVID-19
DE-NI,00+,2022-04-06,2022-03-14,-23 day ahead inc hosp,mean,NA,603,COVID-19
DE-NI,00+,2022-04-06,2022-03-14,-23 day ahead inc hosp,quantile,0.025,603,COVID-19
DE-NI,00+,2022-04-06,2022-03-14,-23 day ahead inc hosp,quantile,0.1,603,COVID-19
DE-NI,00+,2022-04-06,2022-03-14,-23 day ahead inc hosp,quantile,0.25,603,COVID-19
DE-NI,00+,2022-04-06,2022-03-14,-23 day ahead inc hosp,quantile,0.5,603,COVID-19
DE-NI,00+,2022-04-06,2022-03-14,-23 day ahead inc hosp,quantile,0.75,603,COVID-19
DE-NI,00+,2022-04-06,2022-03-14,-23 day ahead inc hosp,quantile,0.9,603,COVID-19
DE-NI,00+,2022-04-06,2022-03-14,-23 day ahead inc hosp,quantile,0.975,603,COVID-19
DE-NI,00+,2022-04-06,2022-03-15,-22 day ahead inc hosp,mean,NA,593,COVID-19
DE-NI,00+,2022-04-06,2022-03-15,-22 day ahead inc hosp,quantile,0.025,593,COVID-19
DE-NI,00+,2022-04-06,2022-03-15,-22 day ahead inc hosp,quantile,0.1,593,COVID-19
DE-NI,00+,2022-04-06,2022-03-15,-22 day ahead inc hosp,quantile,0.25,593,COVID-19
DE-NI,00+,2022-04-06,2022-03-15,-22 day ahead inc hosp,quantile,0.5,593,COVID-19
DE-NI,00+,2022-04-06,2022-03-15,-22 day ahead inc hosp,quantile,0.75,593,COVID-19
DE-NI,00+,2022-04-06,2022-03-15,-22 day ahead inc hosp,quantile,0.9,593,COVID-19
DE-NI,00+,2022-04-06,2022-03-15,-22 day ahead inc hosp,quantile,0.975,593,COVID-19
DE-NI,00+,2022-04-06,2022-03-16,-21 day ahead inc hosp,mean,NA,652,COVID-19
DE-NI,00+,2022-04-06,2022-03-16,-21 day ahead inc hosp,quantile,0.025,652,COVID-19
DE-NI,00+,2022-04-06,2022-03-16,-21 day ahead inc hosp,quantile,0.1,652,COVID-19
DE-NI,00+,2022-04-06,2022-03-16,-21 day ahead inc hosp,quantile,0.25,652,COVID-19
DE-NI,00+,2022-04-06,2022-03-16,-21 day ahead inc hosp,quantile,0.5,652,COVID-19
DE-NI,00+,2022-04-06,2022-03-16,-21 day ahead inc hosp,quantile,0.75,652,COVID-19
DE-NI,00+,2022-04-06,2022-03-16,-21 day ahead inc hosp,quantile,0.9,652,COVID-19
DE-NI,00+,2022-04-06,2022-03-16,-21 day ahead inc hosp,quantile,0.975,652,COVID-19
DE-NI,00+,2022-04-06,2022-03-17,-20 day ahead inc hosp,mean,NA,693,COVID-19
DE-NI,00+,2022-04-06,2022-03-17,-20 day ahead inc hosp,quantile,0.025,693,COVID-19
DE-NI,00+,2022-04-06,2022-03-17,-20 day ahead inc hosp,quantile,0.1,693,COVID-19
DE-NI,00+,2022-04-06,2022-03-17,-20 day ahead inc hosp,quantile,0.25,693,COVID-19
DE-NI,00+,2022-04-06,2022-03-17,-20 day ahead inc hosp,quantile,0.5,693,COVID-19
DE-NI,00+,2022-04-06,2022-03-17,-20 day ahead inc hosp,quantile,0.75,693,COVID-19
DE-NI,00+,2022-04-06,2022-03-17,-20 day ahead inc hosp,quantile,0.9,693,COVID-19
DE-NI,00+,2022-04-06,2022-03-17,-20 day ahead inc hosp,quantile,0.975,693,COVID-19
DE-NI,00+,2022-04-06,2022-03-18,-19 day ahead inc hosp,mean,NA,709,COVID-19
DE-NI,00+,2022-04-06,2022-03-18,-19 day ahead inc hosp,quantile,0.025,709,COVID-19
DE-NI,00+,2022-04-06,2022-03-18,-19 day ahead inc hosp,quantile,0.1,709,COVID-19
DE-NI,00+,2022-04-06,2022-03-18,-19 day ahead inc hosp,quantile,0.25,709,COVID-19
DE-NI,00+,2022-04-06,2022-03-18,-19 day ahead inc hosp,quantile,0.5,709,COVID-19
DE-NI,00+,2022-04-06,2022-03-18,-19 day ahead inc hosp,quantile,0.75,709,COVID-19
DE-NI,00+,2022-04-06,2022-03-18,-19 day ahead inc hosp,quantile,0.9,709,COVID-19
DE-NI,00+,2022-04-06,2022-03-18,-19 day ahead inc hosp,quantile,0.975,709,COVID-19
DE-NI,00+,2022-04-06,2022-03-19,-18 day ahead inc hosp,mean,NA,748,COVID-19
DE-NI,00+,2022-04-06,2022-03-19,-18 day ahead inc hosp,quantile,0.025,748,COVID-19
DE-NI,00+,2022-04-06,2022-03-19,-18 day ahead inc hosp,quantile,0.1,748,COVID-19
DE-NI,00+,2022-04-06,2022-03-19,-18 day ahead inc hosp,quantile,0.25,748,COVID-19
DE-NI,00+,2022-04-06,2022-03-19,-18 day ahead inc hosp,quantile,0.5,748,COVID-19
DE-NI,00+,2022-04-06,2022-03-19,-18 day ahead inc hosp,quantile,0.75,748,COVID-19
DE-NI,00+,2022-04-06,2022-03-19,-18 day ahead inc hosp,quantile,0.9,748,COVID-19
DE-NI,00+,2022-04-06,2022-03-19,-18 day ahead inc hosp,quantile,0.975,748,COVID-19
DE-NI,00+,2022-04-06,2022-03-20,-17 day ahead inc hosp,mean,NA,739,COVID-19
DE-NI,00+,2022-04-06,2022-03-20,-17 day ahead inc hosp,quantile,0.025,739,COVID-19
DE-NI,00+,2022-04-06,2022-03-20,-17 day ahead inc hosp,quantile,0.1,739,COVID-19
DE-NI,00+,2022-04-06,2022-03-20,-17 day ahead inc hosp,quantile,0.25,739,COVID-19
DE-NI,00+,2022-04-06,2022-03-20,-17 day ahead inc hosp,quantile,0.5,739,COVID-19
DE-NI,00+,2022-04-06,2022-03-20,-17 day ahead inc hosp,quantile,0.75,739,COVID-19
DE-NI,00+,2022-04-06,2022-03-20,-17 day ahead inc hosp,quantile,0.9,739,COVID-19
DE-NI,00+,2022-04-06,2022-03-20,-17 day ahead inc hosp,quantile,0.975,739,COVID-19
DE-NI,00+,2022-04-06,2022-03-21,-16 day ahead inc hosp,mean,NA,726,COVID-19
DE-NI,00+,2022-04-06,2022-03-21,-16 day ahead inc hosp,quantile,0.025,726,COVID-19
DE-NI,00+,2022-04-06,2022-03-21,-16 day ahead inc hosp,quantile,0.1,726,COVID-19
DE-NI,00+,2022-04-06,2022-03-21,-16 day ahead inc hosp,quantile,0.25,726,COVID-19
DE-NI,00+,2022-04-06,2022-03-21,-16 day ahead inc hosp,quantile,0.5,726,COVID-19
DE-NI,00+,2022-04-06,2022-03-21,-16 day ahead inc hosp,quantile,0.75,726,COVID-19
DE-NI,00+,2022-04-06,2022-03-21,-16 day ahead inc hosp,quantile,0.9,726,COVID-19
DE-NI,00+,2022-04-06,2022-03-21,-16 day ahead inc hosp,quantile,0.975,726,COVID-19
DE-NI,00+,2022-04-06,2022-03-22,-15 day ahead inc hosp,mean,NA,730,COVID-19
DE-NI,00+,2022-04-06,2022-03-22,-15 day ahead inc hosp,quantile,0.025,730,COVID-19
DE-NI,00+,2022-04-06,2022-03-22,-15 day ahead inc hosp,quantile,0.1,730,COVID-19
DE-NI,00+,2022-04-06,2022-03-22,-15 day ahead inc hosp,quantile,0.25,730,COVID-19
DE-NI,00+,2022-04-06,2022-03-22,-15 day ahead inc hosp,quantile,0.5,730,COVID-19
DE-NI,00+,2022-04-06,2022-03-22,-15 day ahead inc hosp,quantile,0.75,730,COVID-19
DE-NI,00+,2022-04-06,2022-03-22,-15 day ahead inc hosp,quantile,0.9,730,COVID-19
DE-NI,00+,2022-04-06,2022-03-22,-15 day ahead inc hosp,quantile,0.975,730,COVID-19
DE-NI,00+,2022-04-06,2022-03-23,-14 day ahead inc hosp,mean,NA,722,COVID-19
DE-NI,00+,2022-04-06,2022-03-23,-14 day ahead inc hosp,quantile,0.025,722,COVID-19
DE-NI,00+,2022-04-06,2022-03-23,-14 day ahead inc hosp,quantile,0.1,722,COVID-19
DE-NI,00+,2022-04-06,2022-03-23,-14 day ahead inc hosp,quantile,0.25,722,COVID-19
DE-NI,00+,2022-04-06,2022-03-23,-14 day ahead inc hosp,quantile,0.5,722,COVID-19
DE-NI,00+,2022-04-06,2022-03-23,-14 day ahead inc hosp,quantile,0.75,722,COVID-19
DE-NI,00+,2022-04-06,2022-03-23,-14 day ahead inc hosp,quantile,0.9,722,COVID-19
DE-NI,00+,2022-04-06,2022-03-23,-14 day ahead inc hosp,quantile,0.975,722,COVID-19
DE-NI,00+,2022-04-06,2022-03-24,-13 day ahead inc hosp,mean,NA,717,COVID-19
DE-NI,00+,2022-04-06,2022-03-24,-13 day ahead inc hosp,quantile,0.025,717,COVID-19
DE-NI,00+,2022-04-06,2022-03-24,-13 day ahead inc hosp,quantile,0.1,717,COVID-19
DE-NI,00+,2022-04-06,2022-03-24,-13 day ahead inc hosp,quantile,0.25,717,COVID-19
DE-NI,00+,2022-04-06,2022-03-24,-13 day ahead inc hosp,quantile,0.5,717,COVID-19
DE-NI,00+,2022-04-06,2022-03-24,-13 day ahead inc hosp,quantile,0.75,717,COVID-19
DE-NI,00+,2022-04-06,2022-03-24,-13 day ahead inc hosp,quantile,0.9,717,COVID-19
DE-NI,00+,2022-04-06,2022-03-24,-13 day ahead inc hosp,quantile,0.975,717,COVID-19
DE-NI,00+,2022-04-06,2022-03-25,-12 day ahead inc hosp,mean,NA,698,COVID-19
DE-NI,00+,2022-04-06,2022-03-25,-12 day ahead inc hosp,quantile,0.025,698,COVID-19
DE-NI,00+,2022-04-06,2022-03-25,-12 day ahead inc hosp,quantile,0.1,698,COVID-19
DE-NI,00+,2022-04-06,2022-03-25,-12 day ahead inc hosp,quantile,0.25,698,COVID-19
DE-NI,00+,2022-04-06,2022-03-25,-12 day ahead inc hosp,quantile,0.5,698,COVID-19
DE-NI,00+,2022-04-06,2022-03-25,-12 day ahead inc hosp,quantile,0.75,698,COVID-19
DE-NI,00+,2022-04-06,2022-03-25,-12 day ahead inc hosp,quantile,0.9,698,COVID-19
DE-NI,00+,2022-04-06,2022-03-25,-12 day ahead inc hosp,quantile,0.975,698,COVID-19
DE-NI,00+,2022-04-06,2022-03-26,-11 day ahead inc hosp,mean,NA,698,COVID-19
DE-NI,00+,2022-04-06,2022-03-26,-11 day ahead inc hosp,quantile,0.025,698,COVID-19
DE-NI,00+,2022-04-06,2022-03-26,-11 day ahead inc hosp,quantile,0.1,698,COVID-19
DE-NI,00+,2022-04-06,2022-03-26,-11 day ahead inc hosp,quantile,0.25,698,COVID-19
DE-NI,00+,2022-04-06,2022-03-26,-11 day ahead inc hosp,quantile,0.5,698,COVID-19
DE-NI,00+,2022-04-06,2022-03-26,-11 day ahead inc hosp,quantile,0.75,698,COVID-19
DE-NI,00+,2022-04-06,2022-03-26,-11 day ahead inc hosp,quantile,0.9,698,COVID-19
DE-NI,00+,2022-04-06,2022-03-26,-11 day ahead inc hosp,quantile,0.975,698,COVID-19
DE-NI,00+,2022-04-06,2022-03-27,-10 day ahead inc hosp,mean,NA,688,COVID-19
DE-NI,00+,2022-04-06,2022-03-27,-10 day ahead inc hosp,quantile,0.025,688,COVID-19
DE-NI,00+,2022-04-06,2022-03-27,-10 day ahead inc hosp,quantile,0.1,688,COVID-19
DE-NI,00+,2022-04-06,2022-03-27,-10 day ahead inc hosp,quantile,0.25,688,COVID-19
DE-NI,00+,2022-04-06,2022-03-27,-10 day ahead inc hosp,quantile,0.5,688,COVID-19
DE-NI,00+,2022-04-06,2022-03-27,-10 day ahead inc hosp,quantile,0.75,688,COVID-19
DE-NI,00+,2022-04-06,2022-03-27,-10 day ahead inc hosp,quantile,0.9,688,COVID-19
DE-NI,00+,2022-04-06,2022-03-27,-10 day ahead inc hosp,quantile,0.975,688,COVID-19
DE-NI,00+,2022-04-06,2022-03-28,-9 day ahead inc hosp,mean,NA,697,COVID-19
DE-NI,00+,2022-04-06,2022-03-28,-9 day ahead inc hosp,quantile,0.025,697,COVID-19
DE-NI,00+,2022-04-06,2022-03-28,-9 day ahead inc hosp,quantile,0.1,697,COVID-19
DE-NI,00+,2022-04-06,2022-03-28,-9 day ahead inc hosp,quantile,0.25,697,COVID-19
DE-NI,00+,2022-04-06,2022-03-28,-9 day ahead inc hosp,quantile,0.5,697,COVID-19
DE-NI,00+,2022-04-06,2022-03-28,-9 day ahead inc hosp,quantile,0.75,697,COVID-19
DE-NI,00+,2022-04-06,2022-03-28,-9 day ahead inc hosp,quantile,0.9,697,COVID-19
DE-NI,00+,2022-04-06,2022-03-28,-9 day ahead inc hosp,quantile,0.975,697,COVID-19
DE-NI,00+,2022-04-06,2022-03-29,-8 day ahead inc hosp,mean,NA,709,COVID-19
DE-NI,00+,2022-04-06,2022-03-29,-8 day ahead inc hosp,quantile,0.025,709,COVID-19
DE-NI,00+,2022-04-06,2022-03-29,-8 day ahead inc hosp,quantile,0.1,709,COVID-19
DE-NI,00+,2022-04-06,2022-03-29,-8 day ahead inc hosp,quantile,0.25,709,COVID-19
DE-NI,00+,2022-04-06,2022-03-29,-8 day ahead inc hosp,quantile,0.5,709,COVID-19
DE-NI,00+,2022-04-06,2022-03-29,-8 day ahead inc hosp,quantile,0.75,709,COVID-19
DE-NI,00+,2022-04-06,2022-03-29,-8 day ahead inc hosp,quantile,0.9,709,COVID-19
DE-NI,00+,2022-04-06,2022-03-29,-8 day ahead inc hosp,quantile,0.975,709,COVID-19
DE-NI,00+,2022-04-06,2022-03-30,-7 day ahead inc hosp,mean,NA,686,COVID-19
DE-NI,00+,2022-04-06,2022-03-30,-7 day ahead inc hosp,quantile,0.025,686,COVID-19
DE-NI,00+,2022-04-06,2022-03-30,-7 day ahead inc hosp,quantile,0.1,686,COVID-19
DE-NI,00+,2022-04-06,2022-03-30,-7 day ahead inc hosp,quantile,0.25,686,COVID-19
DE-NI,00+,2022-04-06,2022-03-30,-7 day ahead inc hosp,quantile,0.5,686,COVID-19
DE-NI,00+,2022-04-06,2022-03-30,-7 day ahead inc hosp,quantile,0.75,686,COVID-19
DE-NI,00+,2022-04-06,2022-03-30,-7 day ahead inc hosp,quantile,0.9,686,COVID-19
DE-NI,00+,2022-04-06,2022-03-30,-7 day ahead inc hosp,quantile,0.975,686,COVID-19
DE-NI,00+,2022-04-06,2022-03-31,-6 day ahead inc hosp,mean,NA,644,COVID-19
DE-NI,00+,2022-04-06,2022-03-31,-6 day ahead inc hosp,quantile,0.025,644,COVID-19
DE-NI,00+,2022-04-06,2022-03-31,-6 day ahead inc hosp,quantile,0.1,644,COVID-19
DE-NI,00+,2022-04-06,2022-03-31,-6 day ahead inc hosp,quantile,0.25,644,COVID-19
DE-NI,00+,2022-04-06,2022-03-31,-6 day ahead inc hosp,quantile,0.5,644,COVID-19
DE-NI,00+,2022-04-06,2022-03-31,-6 day ahead inc hosp,quantile,0.75,644,COVID-19
DE-NI,00+,2022-04-06,2022-03-31,-6 day ahead inc hosp,quantile,0.9,644,COVID-19
DE-NI,00+,2022-04-06,2022-03-31,-6 day ahead inc hosp,quantile,0.975,644,COVID-19
DE-NI,00+,2022-04-06,2022-04-01,-5 day ahead inc hosp,mean,NA,616,COVID-19
DE-NI,00+,2022-04-06,2022-04-01,-5 day ahead inc hosp,quantile,0.025,616,COVID-19
DE-NI,00+,2022-04-06,2022-04-01,-5 day ahead inc hosp,quantile,0.1,616,COVID-19
DE-NI,00+,2022-04-06,2022-04-01,-5 day ahead inc hosp,quantile,0.25,616,COVID-19
DE-NI,00+,2022-04-06,2022-04-01,-5 day ahead inc hosp,quantile,0.5,616,COVID-19
DE-NI,00+,2022-04-06,2022-04-01,-5 day ahead inc hosp,quantile,0.75,616,COVID-19
DE-NI,00+,2022-04-06,2022-04-01,-5 day ahead inc hosp,quantile,0.9,616,COVID-19
DE-NI,00+,2022-04-06,2022-04-01,-5 day ahead inc hosp,quantile,0.975,616,COVID-19
DE-NI,00+,2022-04-06,2022-04-02,-4 day ahead inc hosp,mean,NA,547,COVID-19
DE-NI,00+,2022-04-06,2022-04-02,-4 day ahead inc hosp,quantile,0.025,547,COVID-19
DE-NI,00+,2022-04-06,2022-04-02,-4 day ahead inc hosp,quantile,0.1,547,COVID-19
DE-NI,00+,2022-04-06,2022-04-02,-4 day ahead inc hosp,quantile,0.25,547,COVID-19
DE-NI,00+,2022-04-06,2022-04-02,-4 day ahead inc hosp,quantile,0.5,547,COVID-19
DE-NI,00+,2022-04-06,2022-04-02,-4 day ahead inc hosp,quantile,0.75,547,COVID-19
DE-NI,00+,2022-04-06,2022-04-02,-4 day ahead inc hosp,quantile,0.9,547,COVID-19
DE-NI,00+,2022-04-06,2022-04-02,-4 day ahead inc hosp,quantile,0.975,547,COVID-19
DE-NI,00+,2022-04-06,2022-04-03,-3 day ahead inc hosp,mean,NA,518,COVID-19
DE-NI,00+,2022-04-06,2022-04-03,-3 day ahead inc hosp,quantile,0.025,518,COVID-19
DE-NI,00+,2022-04-06,2022-04-03,-3 day ahead inc hosp,quantile,0.1,518,COVID-19
DE-NI,00+,2022-04-06,2022-04-03,-3 day ahead inc hosp,quantile,0.25,518,COVID-19
DE-NI,00+,2022-04-06,2022-04-03,-3 day ahead inc hosp,quantile,0.5,518,COVID-19
DE-NI,00+,2022-04-06,2022-04-03,-3 day ahead inc hosp,quantile,0.75,518,COVID-19
DE-NI,00+,2022-04-06,2022-04-03,-3 day ahead inc hosp,quantile,0.9,518,COVID-19
DE-NI,00+,2022-04-06,2022-04-03,-3 day ahead inc hosp,quantile,0.975,518,COVID-19
DE-NI,00+,2022-04-06,2022-04-04,-2 day ahead inc hosp,mean,NA,496,COVID-19
DE-NI,00+,2022-04-06,2022-04-04,-2 day ahead inc hosp,quantile,0.025,496,COVID-19
DE-NI,00+,2022-04-06,2022-04-04,-2 day ahead inc hosp,quantile,0.1,496,COVID-19
DE-NI,00+,2022-04-06,2022-04-04,-2 day ahead inc hosp,quantile,0.25,496,COVID-19
DE-NI,00+,2022-04-06,2022-04-04,-2 day ahead inc hosp,quantile,0.5,496,COVID-19
DE-NI,00+,2022-04-06,2022-04-04,-2 day ahead inc hosp,quantile,0.75,496,COVID-19
DE-NI,00+,2022-04-06,2022-04-04,-2 day ahead inc hosp,quantile,0.9,496,COVID-19
DE-NI,00+,2022-04-06,2022-04-04,-2 day ahead inc hosp,quantile,0.975,496,COVID-19
DE-NI,00+,2022-04-06,2022-04-05,-1 day ahead inc hosp,mean,NA,458,COVID-19
DE-NI,00+,2022-04-06,2022-04-05,-1 day ahead inc hosp,quantile,0.025,458,COVID-19
DE-NI,00+,2022-04-06,2022-04-05,-1 day ahead inc hosp,quantile,0.1,458,COVID-19
DE-NI,00+,2022-04-06,2022-04-05,-1 day ahead inc hosp,quantile,0.25,458,COVID-19
DE-NI,00+,2022-04-06,2022-04-05,-1 day ahead inc hosp,quantile,0.5,458,COVID-19
DE-NI,00+,2022-04-06,2022-04-05,-1 day ahead inc hosp,quantile,0.75,458,COVID-19
DE-NI,00+,2022-04-06,2022-04-05,-1 day ahead inc hosp,quantile,0.9,458,COVID-19
DE-NI,00+,2022-04-06,2022-04-05,-1 day ahead inc hosp,quantile,0.975,458,COVID-19
DE-NI,00+,2022-04-06,2022-04-06,0 day ahead inc hosp,mean,NA,399,COVID-19
DE-NI,00+,2022-04-06,2022-04-06,0 day ahead inc hosp,quantile,0.025,399,COVID-19
DE-NI,00+,2022-04-06,2022-04-06,0 day ahead inc hosp,quantile,0.1,399,COVID-19
DE-NI,00+,2022-04-06,2022-04-06,0 day ahead inc hosp,quantile,0.25,399,COVID-19
DE-NI,00+,2022-04-06,2022-04-06,0 day ahead inc hosp,quantile,0.5,399,COVID-19
DE-NI,00+,2022-04-06,2022-04-06,0 day ahead inc hosp,quantile,0.75,399,COVID-19
DE-NI,00+,2022-04-06,2022-04-06,0 day ahead inc hosp,quantile,0.9,399,COVID-19
DE-NI,00+,2022-04-06,2022-04-06,0 day ahead inc hosp,quantile,0.975,399,COVID-19
DE-NW,00+,2022-04-06,2022-03-09,-28 day ahead inc hosp,mean,NA,2160,COVID-19
DE-NW,00+,2022-04-06,2022-03-09,-28 day ahead inc hosp,quantile,0.025,2160,COVID-19
DE-NW,00+,2022-04-06,2022-03-09,-28 day ahead inc hosp,quantile,0.1,2160,COVID-19
DE-NW,00+,2022-04-06,2022-03-09,-28 day ahead inc hosp,quantile,0.25,2160,COVID-19
DE-NW,00+,2022-04-06,2022-03-09,-28 day ahead inc hosp,quantile,0.5,2160,COVID-19
DE-NW,00+,2022-04-06,2022-03-09,-28 day ahead inc hosp,quantile,0.75,2160,COVID-19
DE-NW,00+,2022-04-06,2022-03-09,-28 day ahead inc hosp,quantile,0.9,2160,COVID-19
DE-NW,00+,2022-04-06,2022-03-09,-28 day ahead inc hosp,quantile,0.975,2160,COVID-19
DE-NW,00+,2022-04-06,2022-03-10,-27 day ahead inc hosp,mean,NA,2221,COVID-19
DE-NW,00+,2022-04-06,2022-03-10,-27 day ahead inc hosp,quantile,0.025,2221,COVID-19
DE-NW,00+,2022-04-06,2022-03-10,-27 day ahead inc hosp,quantile,0.1,2221,COVID-19
DE-NW,00+,2022-04-06,2022-03-10,-27 day ahead inc hosp,quantile,0.25,2221,COVID-19
DE-NW,00+,2022-04-06,2022-03-10,-27 day ahead inc hosp,quantile,0.5,2221,COVID-19
DE-NW,00+,2022-04-06,2022-03-10,-27 day ahead inc hosp,quantile,0.75,2221,COVID-19
DE-NW,00+,2022-04-06,2022-03-10,-27 day ahead inc hosp,quantile,0.9,2221,COVID-19
DE-NW,00+,2022-04-06,2022-03-10,-27 day ahead inc hosp,quantile,0.975,2221,COVID-19
DE-NW,00+,2022-04-06,2022-03-11,-26 day ahead inc hosp,mean,NA,2292,COVID-19
DE-NW,00+,2022-04-06,2022-03-11,-26 day ahead inc hosp,quantile,0.025,2292,COVID-19
DE-NW,00+,2022-04-06,2022-03-11,-26 day ahead inc hosp,quantile,0.1,2292,COVID-19
DE-NW,00+,2022-04-06,2022-03-11,-26 day ahead inc hosp,quantile,0.25,2292,COVID-19
DE-NW,00+,2022-04-06,2022-03-11,-26 day ahead inc hosp,quantile,0.5,2292,COVID-19
DE-NW,00+,2022-04-06,2022-03-11,-26 day ahead inc hosp,quantile,0.75,2292,COVID-19
DE-NW,00+,2022-04-06,2022-03-11,-26 day ahead inc hosp,quantile,0.9,2292,COVID-19
DE-NW,00+,2022-04-06,2022-03-11,-26 day ahead inc hosp,quantile,0.975,2292,COVID-19
DE-NW,00+,2022-04-06,2022-03-12,-25 day ahead inc hosp,mean,NA,2354,COVID-19
DE-NW,00+,2022-04-06,2022-03-12,-25 day ahead inc hosp,quantile,0.025,2354,COVID-19
DE-NW,00+,2022-04-06,2022-03-12,-25 day ahead inc hosp,quantile,0.1,2354,COVID-19
DE-NW,00+,2022-04-06,2022-03-12,-25 day ahead inc hosp,quantile,0.25,2354,COVID-19
DE-NW,00+,2022-04-06,2022-03-12,-25 day ahead inc hosp,quantile,0.5,2354,COVID-19
DE-NW,00+,2022-04-06,2022-03-12,-25 day ahead inc hosp,quantile,0.75,2354,COVID-19
DE-NW,00+,2022-04-06,2022-03-12,-25 day ahead inc hosp,quantile,0.9,2354,COVID-19
DE-NW,00+,2022-04-06,2022-03-12,-25 day ahead inc hosp,quantile,0.975,2354,COVID-19
DE-NW,00+,2022-04-06,2022-03-13,-24 day ahead inc hosp,mean,NA,2392,COVID-19
DE-NW,00+,2022-04-06,2022-03-13,-24 day ahead inc hosp,quantile,0.025,2392,COVID-19
DE-NW,00+,2022-04-06,2022-03-13,-24 day ahead inc hosp,quantile,0.1,2392,COVID-19
DE-NW,00+,2022-04-06,2022-03-13,-24 day ahead inc hosp,quantile,0.25,2392,COVID-19
DE-NW,00+,2022-04-06,2022-03-13,-24 day ahead inc hosp,quantile,0.5,2392,COVID-19
DE-NW,00+,2022-04-06,2022-03-13,-24 day ahead inc hosp,quantile,0.75,2392,COVID-19
DE-NW,00+,2022-04-06,2022-03-13,-24 day ahead inc hosp,quantile,0.9,2392,COVID-19
DE-NW,00+,2022-04-06,2022-03-13,-24 day ahead inc hosp,quantile,0.975,2392,COVID-19
DE-NW,00+,2022-04-06,2022-03-14,-23 day ahead inc hosp,mean,NA,2387,COVID-19
DE-NW,00+,2022-04-06,2022-03-14,-23 day ahead inc hosp,quantile,0.025,2387,COVID-19
DE-NW,00+,2022-04-06,2022-03-14,-23 day ahead inc hosp,quantile,0.1,2387,COVID-19
DE-NW,00+,2022-04-06,2022-03-14,-23 day ahead inc hosp,quantile,0.25,2387,COVID-19
DE-NW,00+,2022-04-06,2022-03-14,-23 day ahead inc hosp,quantile,0.5,2387,COVID-19
DE-NW,00+,2022-04-06,2022-03-14,-23 day ahead inc hosp,quantile,0.75,2387,COVID-19
DE-NW,00+,2022-04-06,2022-03-14,-23 day ahead inc hosp,quantile,0.9,2387,COVID-19
DE-NW,00+,2022-04-06,2022-03-14,-23 day ahead inc hosp,quantile,0.975,2387,COVID-19
DE-NW,00+,2022-04-06,2022-03-15,-22 day ahead inc hosp,mean,NA,2489,COVID-19
DE-NW,00+,2022-04-06,2022-03-15,-22 day ahead inc hosp,quantile,0.025,2489,COVID-19
DE-NW,00+,2022-04-06,2022-03-15,-22 day ahead inc hosp,quantile,0.1,2489,COVID-19
DE-NW,00+,2022-04-06,2022-03-15,-22 day ahead inc hosp,quantile,0.25,2489,COVID-19
DE-NW,00+,2022-04-06,2022-03-15,-22 day ahead inc hosp,quantile,0.5,2489,COVID-19
DE-NW,00+,2022-04-06,2022-03-15,-22 day ahead inc hosp,quantile,0.75,2489,COVID-19
DE-NW,00+,2022-04-06,2022-03-15,-22 day ahead inc hosp,quantile,0.9,2489,COVID-19
DE-NW,00+,2022-04-06,2022-03-15,-22 day ahead inc hosp,quantile,0.975,2489,COVID-19
DE-NW,00+,2022-04-06,2022-03-16,-21 day ahead inc hosp,mean,NA,2532,COVID-19
DE-NW,00+,2022-04-06,2022-03-16,-21 day ahead inc hosp,quantile,0.025,2532,COVID-19
DE-NW,00+,2022-04-06,2022-03-16,-21 day ahead inc hosp,quantile,0.1,2532,COVID-19
DE-NW,00+,2022-04-06,2022-03-16,-21 day ahead inc hosp,quantile,0.25,2532,COVID-19
DE-NW,00+,2022-04-06,2022-03-16,-21 day ahead inc hosp,quantile,0.5,2532,COVID-19
DE-NW,00+,2022-04-06,2022-03-16,-21 day ahead inc hosp,quantile,0.75,2532,COVID-19
DE-NW,00+,2022-04-06,2022-03-16,-21 day ahead inc hosp,quantile,0.9,2532,COVID-19
DE-NW,00+,2022-04-06,2022-03-16,-21 day ahead inc hosp,quantile,0.975,2532,COVID-19
DE-NW,00+,2022-04-06,2022-03-17,-20 day ahead inc hosp,mean,NA,2566,COVID-19
DE-NW,00+,2022-04-06,2022-03-17,-20 day ahead inc hosp,quantile,0.025,2566,COVID-19
DE-NW,00+,2022-04-06,2022-03-17,-20 day ahead inc hosp,quantile,0.1,2566,COVID-19
DE-NW,00+,2022-04-06,2022-03-17,-20 day ahead inc hosp,quantile,0.25,2566,COVID-19
DE-NW,00+,2022-04-06,2022-03-17,-20 day ahead inc hosp,quantile,0.5,2566,COVID-19
DE-NW,00+,2022-04-06,2022-03-17,-20 day ahead inc hosp,quantile,0.75,2566,COVID-19
DE-NW,00+,2022-04-06,2022-03-17,-20 day ahead inc hosp,quantile,0.9,2566,COVID-19
DE-NW,00+,2022-04-06,2022-03-17,-20 day ahead inc hosp,quantile,0.975,2566,COVID-19
DE-NW,00+,2022-04-06,2022-03-18,-19 day ahead inc hosp,mean,NA,2540,COVID-19
DE-NW,00+,2022-04-06,2022-03-18,-19 day ahead inc hosp,quantile,0.025,2540,COVID-19
DE-NW,00+,2022-04-06,2022-03-18,-19 day ahead inc hosp,quantile,0.1,2540,COVID-19
DE-NW,00+,2022-04-06,2022-03-18,-19 day ahead inc hosp,quantile,0.25,2540,COVID-19
DE-NW,00+,2022-04-06,2022-03-18,-19 day ahead inc hosp,quantile,0.5,2540,COVID-19
DE-NW,00+,2022-04-06,2022-03-18,-19 day ahead inc hosp,quantile,0.75,2540,COVID-19
DE-NW,00+,2022-04-06,2022-03-18,-19 day ahead inc hosp,quantile,0.9,2540,COVID-19
DE-NW,00+,2022-04-06,2022-03-18,-19 day ahead inc hosp,quantile,0.975,2540,COVID-19
DE-NW,00+,2022-04-06,2022-03-19,-18 day ahead inc hosp,mean,NA,2565,COVID-19
DE-NW,00+,2022-04-06,2022-03-19,-18 day ahead inc hosp,quantile,0.025,2565,COVID-19
DE-NW,00+,2022-04-06,2022-03-19,-18 day ahead inc hosp,quantile,0.1,2565,COVID-19
DE-NW,00+,2022-04-06,2022-03-19,-18 day ahead inc hosp,quantile,0.25,2565,COVID-19
DE-NW,00+,2022-04-06,2022-03-19,-18 day ahead inc hosp,quantile,0.5,2565,COVID-19
DE-NW,00+,2022-04-06,2022-03-19,-18 day ahead inc hosp,quantile,0.75,2565,COVID-19
DE-NW,00+,2022-04-06,2022-03-19,-18 day ahead inc hosp,quantile,0.9,2565,COVID-19
DE-NW,00+,2022-04-06,2022-03-19,-18 day ahead inc hosp,quantile,0.975,2565,COVID-19
DE-NW,00+,2022-04-06,2022-03-20,-17 day ahead inc hosp,mean,NA,2530,COVID-19
DE-NW,00+,2022-04-06,2022-03-20,-17 day ahead inc hosp,quantile,0.025,2530,COVID-19
DE-NW,00+,2022-04-06,2022-03-20,-17 day ahead inc hosp,quantile,0.1,2530,COVID-19
DE-NW,00+,2022-04-06,2022-03-20,-17 day ahead inc hosp,quantile,0.25,2530,COVID-19
DE-NW,00+,2022-04-06,2022-03-20,-17 day ahead inc hosp,quantile,0.5,2530,COVID-19
DE-NW,00+,2022-04-06,2022-03-20,-17 day ahead inc hosp,quantile,0.75,2530,COVID-19
DE-NW,00+,2022-04-06,2022-03-20,-17 day ahead inc hosp,quantile,0.9,2530,COVID-19
DE-NW,00+,2022-04-06,2022-03-20,-17 day ahead inc hosp,quantile,0.975,2530,COVID-19
DE-NW,00+,2022-04-06,2022-03-21,-16 day ahead inc hosp,mean,NA,2497,COVID-19
DE-NW,00+,2022-04-06,2022-03-21,-16 day ahead inc hosp,quantile,0.025,2497,COVID-19
DE-NW,00+,2022-04-06,2022-03-21,-16 day ahead inc hosp,quantile,0.1,2497,COVID-19
DE-NW,00+,2022-04-06,2022-03-21,-16 day ahead inc hosp,quantile,0.25,2497,COVID-19
DE-NW,00+,2022-04-06,2022-03-21,-16 day ahead inc hosp,quantile,0.5,2497,COVID-19
DE-NW,00+,2022-04-06,2022-03-21,-16 day ahead inc hosp,quantile,0.75,2497,COVID-19
DE-NW,00+,2022-04-06,2022-03-21,-16 day ahead inc hosp,quantile,0.9,2497,COVID-19
DE-NW,00+,2022-04-06,2022-03-21,-16 day ahead inc hosp,quantile,0.975,2497,COVID-19
DE-NW,00+,2022-04-06,2022-03-22,-15 day ahead inc hosp,mean,NA,2394,COVID-19
DE-NW,00+,2022-04-06,2022-03-22,-15 day ahead inc hosp,quantile,0.025,2394,COVID-19
DE-NW,00+,2022-04-06,2022-03-22,-15 day ahead inc hosp,quantile,0.1,2394,COVID-19
DE-NW,00+,2022-04-06,2022-03-22,-15 day ahead inc hosp,quantile,0.25,2394,COVID-19
DE-NW,00+,2022-04-06,2022-03-22,-15 day ahead inc hosp,quantile,0.5,2394,COVID-19
DE-NW,00+,2022-04-06,2022-03-22,-15 day ahead inc hosp,quantile,0.75,2394,COVID-19
DE-NW,00+,2022-04-06,2022-03-22,-15 day ahead inc hosp,quantile,0.9,2394,COVID-19
DE-NW,00+,2022-04-06,2022-03-22,-15 day ahead inc hosp,quantile,0.975,2394,COVID-19
DE-NW,00+,2022-04-06,2022-03-23,-14 day ahead inc hosp,mean,NA,2332,COVID-19
DE-NW,00+,2022-04-06,2022-03-23,-14 day ahead inc hosp,quantile,0.025,2332,COVID-19
DE-NW,00+,2022-04-06,2022-03-23,-14 day ahead inc hosp,quantile,0.1,2332,COVID-19
DE-NW,00+,2022-04-06,2022-03-23,-14 day ahead inc hosp,quantile,0.25,2332,COVID-19
DE-NW,00+,2022-04-06,2022-03-23,-14 day ahead inc hosp,quantile,0.5,2332,COVID-19
DE-NW,00+,2022-04-06,2022-03-23,-14 day ahead inc hosp,quantile,0.75,2332,COVID-19
DE-NW,00+,2022-04-06,2022-03-23,-14 day ahead inc hosp,quantile,0.9,2332,COVID-19
DE-NW,00+,2022-04-06,2022-03-23,-14 day ahead inc hosp,quantile,0.975,2332,COVID-19
DE-NW,00+,2022-04-06,2022-03-24,-13 day ahead inc hosp,mean,NA,2293,COVID-19
DE-NW,00+,2022-04-06,2022-03-24,-13 day ahead inc hosp,quantile,0.025,2293,COVID-19
DE-NW,00+,2022-04-06,2022-03-24,-13 day ahead inc hosp,quantile,0.1,2293,COVID-19
DE-NW,00+,2022-04-06,2022-03-24,-13 day ahead inc hosp,quantile,0.25,2293,COVID-19
DE-NW,00+,2022-04-06,2022-03-24,-13 day ahead inc hosp,quantile,0.5,2293,COVID-19
DE-NW,00+,2022-04-06,2022-03-24,-13 day ahead inc hosp,quantile,0.75,2293,COVID-19
DE-NW,00+,2022-04-06,2022-03-24,-13 day ahead inc hosp,quantile,0.9,2293,COVID-19
DE-NW,00+,2022-04-06,2022-03-24,-13 day ahead inc hosp,quantile,0.975,2293,COVID-19
DE-NW,00+,2022-04-06,2022-03-25,-12 day ahead inc hosp,mean,NA,2219,COVID-19
DE-NW,00+,2022-04-06,2022-03-25,-12 day ahead inc hosp,quantile,0.025,2219,COVID-19
DE-NW,00+,2022-04-06,2022-03-25,-12 day ahead inc hosp,quantile,0.1,2219,COVID-19
DE-NW,00+,2022-04-06,2022-03-25,-12 day ahead inc hosp,quantile,0.25,2219,COVID-19
DE-NW,00+,2022-04-06,2022-03-25,-12 day ahead inc hosp,quantile,0.5,2219,COVID-19
DE-NW,00+,2022-04-06,2022-03-25,-12 day ahead inc hosp,quantile,0.75,2219,COVID-19
DE-NW,00+,2022-04-06,2022-03-25,-12 day ahead inc hosp,quantile,0.9,2219,COVID-19
DE-NW,00+,2022-04-06,2022-03-25,-12 day ahead inc hosp,quantile,0.975,2219,COVID-19
DE-NW,00+,2022-04-06,2022-03-26,-11 day ahead inc hosp,mean,NA,2185,COVID-19
DE-NW,00+,2022-04-06,2022-03-26,-11 day ahead inc hosp,quantile,0.025,2185,COVID-19
DE-NW,00+,2022-04-06,2022-03-26,-11 day ahead inc hosp,quantile,0.1,2185,COVID-19
DE-NW,00+,2022-04-06,2022-03-26,-11 day ahead inc hosp,quantile,0.25,2185,COVID-19
DE-NW,00+,2022-04-06,2022-03-26,-11 day ahead inc hosp,quantile,0.5,2185,COVID-19
DE-NW,00+,2022-04-06,2022-03-26,-11 day ahead inc hosp,quantile,0.75,2185,COVID-19
DE-NW,00+,2022-04-06,2022-03-26,-11 day ahead inc hosp,quantile,0.9,2185,COVID-19
DE-NW,00+,2022-04-06,2022-03-26,-11 day ahead inc hosp,quantile,0.975,2185,COVID-19
DE-NW,00+,2022-04-06,2022-03-27,-10 day ahead inc hosp,mean,NA,2203,COVID-19
DE-NW,00+,2022-04-06,2022-03-27,-10 day ahead inc hosp,quantile,0.025,2203,COVID-19
DE-NW,00+,2022-04-06,2022-03-27,-10 day ahead inc hosp,quantile,0.1,2203,COVID-19
DE-NW,00+,2022-04-06,2022-03-27,-10 day ahead inc hosp,quantile,0.25,2203,COVID-19
DE-NW,00+,2022-04-06,2022-03-27,-10 day ahead inc hosp,quantile,0.5,2203,COVID-19
DE-NW,00+,2022-04-06,2022-03-27,-10 day ahead inc hosp,quantile,0.75,2203,COVID-19
DE-NW,00+,2022-04-06,2022-03-27,-10 day ahead inc hosp,quantile,0.9,2203,COVID-19
DE-NW,00+,2022-04-06,2022-03-27,-10 day ahead inc hosp,quantile,0.975,2203,COVID-19
DE-NW,00+,2022-04-06,2022-03-28,-9 day ahead inc hosp,mean,NA,2189,COVID-19
DE-NW,00+,2022-04-06,2022-03-28,-9 day ahead inc hosp,quantile,0.025,2189,COVID-19
DE-NW,00+,2022-04-06,2022-03-28,-9 day ahead inc hosp,quantile,0.1,2189,COVID-19
DE-NW,00+,2022-04-06,2022-03-28,-9 day ahead inc hosp,quantile,0.25,2189,COVID-19
DE-NW,00+,2022-04-06,2022-03-28,-9 day ahead inc hosp,quantile,0.5,2189,COVID-19
DE-NW,00+,2022-04-06,2022-03-28,-9 day ahead inc hosp,quantile,0.75,2189,COVID-19
DE-NW,00+,2022-04-06,2022-03-28,-9 day ahead inc hosp,quantile,0.9,2189,COVID-19
DE-NW,00+,2022-04-06,2022-03-28,-9 day ahead inc hosp,quantile,0.975,2189,COVID-19
DE-NW,00+,2022-04-06,2022-03-29,-8 day ahead inc hosp,mean,NA,2107,COVID-19
DE-NW,00+,2022-04-06,2022-03-29,-8 day ahead inc hosp,quantile,0.025,2107,COVID-19
DE-NW,00+,2022-04-06,2022-03-29,-8 day ahead inc hosp,quantile,0.1,2107,COVID-19
DE-NW,00+,2022-04-06,2022-03-29,-8 day ahead inc hosp,quantile,0.25,2107,COVID-19
DE-NW,00+,2022-04-06,2022-03-29,-8 day ahead inc hosp,quantile,0.5,2107,COVID-19
DE-NW,00+,2022-04-06,2022-03-29,-8 day ahead inc hosp,quantile,0.75,2107,COVID-19
DE-NW,00+,2022-04-06,2022-03-29,-8 day ahead inc hosp,quantile,0.9,2107,COVID-19
DE-NW,00+,2022-04-06,2022-03-29,-8 day ahead inc hosp,quantile,0.975,2107,COVID-19
DE-NW,00+,2022-04-06,2022-03-30,-7 day ahead inc hosp,mean,NA,2025,COVID-19
DE-NW,00+,2022-04-06,2022-03-30,-7 day ahead inc hosp,quantile,0.025,2025,COVID-19
DE-NW,00+,2022-04-06,2022-03-30,-7 day ahead inc hosp,quantile,0.1,2025,COVID-19
DE-NW,00+,2022-04-06,2022-03-30,-7 day ahead inc hosp,quantile,0.25,2025,COVID-19
DE-NW,00+,2022-04-06,2022-03-30,-7 day ahead inc hosp,quantile,0.5,2025,COVID-19
DE-NW,00+,2022-04-06,2022-03-30,-7 day ahead inc hosp,quantile,0.75,2025,COVID-19
DE-NW,00+,2022-04-06,2022-03-30,-7 day ahead inc hosp,quantile,0.9,2025,COVID-19
DE-NW,00+,2022-04-06,2022-03-30,-7 day ahead inc hosp,quantile,0.975,2025,COVID-19
DE-NW,00+,2022-04-06,2022-03-31,-6 day ahead inc hosp,mean,NA,1919,COVID-19
DE-NW,00+,2022-04-06,2022-03-31,-6 day ahead inc hosp,quantile,0.025,1919,COVID-19
DE-NW,00+,2022-04-06,2022-03-31,-6 day ahead inc hosp,quantile,0.1,1919,COVID-19
DE-NW,00+,2022-04-06,2022-03-31,-6 day ahead inc hosp,quantile,0.25,1919,COVID-19
DE-NW,00+,2022-04-06,2022-03-31,-6 day ahead inc hosp,quantile,0.5,1919,COVID-19
DE-NW,00+,2022-04-06,2022-03-31,-6 day ahead inc hosp,quantile,0.75,1919,COVID-19
DE-NW,00+,2022-04-06,2022-03-31,-6 day ahead inc hosp,quantile,0.9,1919,COVID-19
DE-NW,00+,2022-04-06,2022-03-31,-6 day ahead inc hosp,quantile,0.975,1919,COVID-19
DE-NW,00+,2022-04-06,2022-04-01,-5 day ahead inc hosp,mean,NA,1838,COVID-19
DE-NW,00+,2022-04-06,2022-04-01,-5 day ahead inc hosp,quantile,0.025,1838,COVID-19
DE-NW,00+,2022-04-06,2022-04-01,-5 day ahead inc hosp,quantile,0.1,1838,COVID-19
DE-NW,00+,2022-04-06,2022-04-01,-5 day ahead inc hosp,quantile,0.25,1838,COVID-19
DE-NW,00+,2022-04-06,2022-04-01,-5 day ahead inc hosp,quantile,0.5,1838,COVID-19
DE-NW,00+,2022-04-06,2022-04-01,-5 day ahead inc hosp,quantile,0.75,1838,COVID-19
DE-NW,00+,2022-04-06,2022-04-01,-5 day ahead inc hosp,quantile,0.9,1838,COVID-19
DE-NW,00+,2022-04-06,2022-04-01,-5 day ahead inc hosp,quantile,0.975,1838,COVID-19
DE-NW,00+,2022-04-06,2022-04-02,-4 day ahead inc hosp,mean,NA,1675,COVID-19
DE-NW,00+,2022-04-06,2022-04-02,-4 day ahead inc hosp,quantile,0.025,1675,COVID-19
DE-NW,00+,2022-04-06,2022-04-02,-4 day ahead inc hosp,quantile,0.1,1675,COVID-19
DE-NW,00+,2022-04-06,2022-04-02,-4 day ahead inc hosp,quantile,0.25,1675,COVID-19
DE-NW,00+,2022-04-06,2022-04-02,-4 day ahead inc hosp,quantile,0.5,1675,COVID-19
DE-NW,00+,2022-04-06,2022-04-02,-4 day ahead inc hosp,quantile,0.75,1675,COVID-19
DE-NW,00+,2022-04-06,2022-04-02,-4 day ahead inc hosp,quantile,0.9,1675,COVID-19
DE-NW,00+,2022-04-06,2022-04-02,-4 day ahead inc hosp,quantile,0.975,1675,COVID-19
DE-NW,00+,2022-04-06,2022-04-03,-3 day ahead inc hosp,mean,NA,1591,COVID-19
DE-NW,00+,2022-04-06,2022-04-03,-3 day ahead inc hosp,quantile,0.025,1591,COVID-19
DE-NW,00+,2022-04-06,2022-04-03,-3 day ahead inc hosp,quantile,0.1,1591,COVID-19
DE-NW,00+,2022-04-06,2022-04-03,-3 day ahead inc hosp,quantile,0.25,1591,COVID-19
DE-NW,00+,2022-04-06,2022-04-03,-3 day ahead inc hosp,quantile,0.5,1591,COVID-19
DE-NW,00+,2022-04-06,2022-04-03,-3 day ahead inc hosp,quantile,0.75,1591,COVID-19
DE-NW,00+,2022-04-06,2022-04-03,-3 day ahead inc hosp,quantile,0.9,1591,COVID-19
DE-NW,00+,2022-04-06,2022-04-03,-3 day ahead inc hosp,quantile,0.975,1591,COVID-19
DE-NW,00+,2022-04-06,2022-04-04,-2 day ahead inc hosp,mean,NA,1551,COVID-19
DE-NW,00+,2022-04-06,2022-04-04,-2 day ahead inc hosp,quantile,0.025,1551,COVID-19
DE-NW,00+,2022-04-06,2022-04-04,-2 day ahead inc hosp,quantile,0.1,1551,COVID-19
DE-NW,00+,2022-04-06,2022-04-04,-2 day ahead inc hosp,quantile,0.25,1551,COVID-19
DE-NW,00+,2022-04-06,2022-04-04,-2 day ahead inc hosp,quantile,0.5,1551,COVID-19
DE-NW,00+,2022-04-06,2022-04-04,-2 day ahead inc hosp,quantile,0.75,1551,COVID-19
DE-NW,00+,2022-04-06,2022-04-04,-2 day ahead inc hosp,quantile,0.9,1551,COVID-19
DE-NW,00+,2022-04-06,2022-04-04,-2 day ahead inc hosp,quantile,0.975,1551,COVID-19
DE-NW,00+,2022-04-06,2022-04-05,-1 day ahead inc hosp,mean,NA,1447,COVID-19
DE-NW,00+,2022-04-06,2022-04-05,-1 day ahead inc hosp,quantile,0.025,1447,COVID-19
DE-NW,00+,2022-04-06,2022-04-05,-1 day ahead inc hosp,quantile,0.1,1447,COVID-19
DE-NW,00+,2022-04-06,2022-04-05,-1 day ahead inc hosp,quantile,0.25,1447,COVID-19
DE-NW,00+,2022-04-06,2022-04-05,-1 day ahead inc hosp,quantile,0.5,1447,COVID-19
DE-NW,00+,2022-04-06,2022-04-05,-1 day ahead inc hosp,quantile,0.75,1447,COVID-19
DE-NW,00+,2022-04-06,2022-04-05,-1 day ahead inc hosp,quantile,0.9,1447,COVID-19
DE-NW,00+,2022-04-06,2022-04-05,-1 day ahead inc hosp,quantile,0.975,1447,COVID-19
DE-NW,00+,2022-04-06,2022-04-06,0 day ahead inc hosp,mean,NA,1190,COVID-19
DE-NW,00+,2022-04-06,2022-04-06,0 day ahead inc hosp,quantile,0.025,1190,COVID-19
DE-NW,00+,2022-04-06,2022-04-06,0 day ahead inc hosp,quantile,0.1,1190,COVID-19
DE-NW,00+,2022-04-06,2022-04-06,0 day ahead inc hosp,quantile,0.25,1190,COVID-19
DE-NW,00+,2022-04-06,2022-04-06,0 day ahead inc hosp,quantile,0.5,1190,COVID-19
DE-NW,00+,2022-04-06,2022-04-06,0 day ahead inc hosp,quantile,0.75,1190,COVID-19
DE-NW,00+,2022-04-06,2022-04-06,0 day ahead inc hosp,quantile,0.9,1190,COVID-19
DE-NW,00+,2022-04-06,2022-04-06,0 day ahead inc hosp,quantile,0.975,1190,COVID-19
DE-RP,00+,2022-04-06,2022-03-09,-28 day ahead inc hosp,mean,NA,523,COVID-19
DE-RP,00+,2022-04-06,2022-03-09,-28 day ahead inc hosp,quantile,0.025,523,COVID-19
DE-RP,00+,2022-04-06,2022-03-09,-28 day ahead inc hosp,quantile,0.1,523,COVID-19
DE-RP,00+,2022-04-06,2022-03-09,-28 day ahead inc hosp,quantile,0.25,523,COVID-19
DE-RP,00+,2022-04-06,2022-03-09,-28 day ahead inc hosp,quantile,0.5,523,COVID-19
DE-RP,00+,2022-04-06,2022-03-09,-28 day ahead inc hosp,quantile,0.75,523,COVID-19
DE-RP,00+,2022-04-06,2022-03-09,-28 day ahead inc hosp,quantile,0.9,523,COVID-19
DE-RP,00+,2022-04-06,2022-03-09,-28 day ahead inc hosp,quantile,0.975,523,COVID-19
DE-RP,00+,2022-04-06,2022-03-10,-27 day ahead inc hosp,mean,NA,534,COVID-19
DE-RP,00+,2022-04-06,2022-03-10,-27 day ahead inc hosp,quantile,0.025,534,COVID-19
DE-RP,00+,2022-04-06,2022-03-10,-27 day ahead inc hosp,quantile,0.1,534,COVID-19
DE-RP,00+,2022-04-06,2022-03-10,-27 day ahead inc hosp,quantile,0.25,534,COVID-19
DE-RP,00+,2022-04-06,2022-03-10,-27 day ahead inc hosp,quantile,0.5,534,COVID-19
DE-RP,00+,2022-04-06,2022-03-10,-27 day ahead inc hosp,quantile,0.75,534,COVID-19
DE-RP,00+,2022-04-06,2022-03-10,-27 day ahead inc hosp,quantile,0.9,534,COVID-19
DE-RP,00+,2022-04-06,2022-03-10,-27 day ahead inc hosp,quantile,0.975,534,COVID-19
DE-RP,00+,2022-04-06,2022-03-11,-26 day ahead inc hosp,mean,NA,534,COVID-19
DE-RP,00+,2022-04-06,2022-03-11,-26 day ahead inc hosp,quantile,0.025,534,COVID-19
DE-RP,00+,2022-04-06,2022-03-11,-26 day ahead inc hosp,quantile,0.1,534,COVID-19
DE-RP,00+,2022-04-06,2022-03-11,-26 day ahead inc hosp,quantile,0.25,534,COVID-19
DE-RP,00+,2022-04-06,2022-03-11,-26 day ahead inc hosp,quantile,0.5,534,COVID-19
DE-RP,00+,2022-04-06,2022-03-11,-26 day ahead inc hosp,quantile,0.75,534,COVID-19
DE-RP,00+,2022-04-06,2022-03-11,-26 day ahead inc hosp,quantile,0.9,534,COVID-19
DE-RP,00+,2022-04-06,2022-03-11,-26 day ahead inc hosp,quantile,0.975,534,COVID-19
DE-RP,00+,2022-04-06,2022-03-12,-25 day ahead inc hosp,mean,NA,528,COVID-19
DE-RP,00+,2022-04-06,2022-03-12,-25 day ahead inc hosp,quantile,0.025,528,COVID-19
DE-RP,00+,2022-04-06,2022-03-12,-25 day ahead inc hosp,quantile,0.1,528,COVID-19
DE-RP,00+,2022-04-06,2022-03-12,-25 day ahead inc hosp,quantile,0.25,528,COVID-19
DE-RP,00+,2022-04-06,2022-03-12,-25 day ahead inc hosp,quantile,0.5,528,COVID-19
DE-RP,00+,2022-04-06,2022-03-12,-25 day ahead inc hosp,quantile,0.75,528,COVID-19
DE-RP,00+,2022-04-06,2022-03-12,-25 day ahead inc hosp,quantile,0.9,528,COVID-19
DE-RP,00+,2022-04-06,2022-03-12,-25 day ahead inc hosp,quantile,0.975,528,COVID-19
DE-RP,00+,2022-04-06,2022-03-13,-24 day ahead inc hosp,mean,NA,522,COVID-19
DE-RP,00+,2022-04-06,2022-03-13,-24 day ahead inc hosp,quantile,0.025,522,COVID-19
DE-RP,00+,2022-04-06,2022-03-13,-24 day ahead inc hosp,quantile,0.1,522,COVID-19
DE-RP,00+,2022-04-06,2022-03-13,-24 day ahead inc hosp,quantile,0.25,522,COVID-19
DE-RP,00+,2022-04-06,2022-03-13,-24 day ahead inc hosp,quantile,0.5,522,COVID-19
DE-RP,00+,2022-04-06,2022-03-13,-24 day ahead inc hosp,quantile,0.75,522,COVID-19
DE-RP,00+,2022-04-06,2022-03-13,-24 day ahead inc hosp,quantile,0.9,522,COVID-19
DE-RP,00+,2022-04-06,2022-03-13,-24 day ahead inc hosp,quantile,0.975,522,COVID-19
DE-RP,00+,2022-04-06,2022-03-14,-23 day ahead inc hosp,mean,NA,531,COVID-19
DE-RP,00+,2022-04-06,2022-03-14,-23 day ahead inc hosp,quantile,0.025,531,COVID-19
DE-RP,00+,2022-04-06,2022-03-14,-23 day ahead inc hosp,quantile,0.1,531,COVID-19
DE-RP,00+,2022-04-06,2022-03-14,-23 day ahead inc hosp,quantile,0.25,531,COVID-19
DE-RP,00+,2022-04-06,2022-03-14,-23 day ahead inc hosp,quantile,0.5,531,COVID-19
DE-RP,00+,2022-04-06,2022-03-14,-23 day ahead inc hosp,quantile,0.75,531,COVID-19
DE-RP,00+,2022-04-06,2022-03-14,-23 day ahead inc hosp,quantile,0.9,531,COVID-19
DE-RP,00+,2022-04-06,2022-03-14,-23 day ahead inc hosp,quantile,0.975,531,COVID-19
DE-RP,00+,2022-04-06,2022-03-15,-22 day ahead inc hosp,mean,NA,525,COVID-19
DE-RP,00+,2022-04-06,2022-03-15,-22 day ahead inc hosp,quantile,0.025,525,COVID-19
DE-RP,00+,2022-04-06,2022-03-15,-22 day ahead inc hosp,quantile,0.1,525,COVID-19
DE-RP,00+,2022-04-06,2022-03-15,-22 day ahead inc hosp,quantile,0.25,525,COVID-19
DE-RP,00+,2022-04-06,2022-03-15,-22 day ahead inc hosp,quantile,0.5,525,COVID-19
DE-RP,00+,2022-04-06,2022-03-15,-22 day ahead inc hosp,quantile,0.75,525,COVID-19
DE-RP,00+,2022-04-06,2022-03-15,-22 day ahead inc hosp,quantile,0.9,525,COVID-19
DE-RP,00+,2022-04-06,2022-03-15,-22 day ahead inc hosp,quantile,0.975,525,COVID-19
DE-RP,00+,2022-04-06,2022-03-16,-21 day ahead inc hosp,mean,NA,494,COVID-19
DE-RP,00+,2022-04-06,2022-03-16,-21 day ahead inc hosp,quantile,0.025,494,COVID-19
DE-RP,00+,2022-04-06,2022-03-16,-21 day ahead inc hosp,quantile,0.1,494,COVID-19
DE-RP,00+,2022-04-06,2022-03-16,-21 day ahead inc hosp,quantile,0.25,494,COVID-19
DE-RP,00+,2022-04-06,2022-03-16,-21 day ahead inc hosp,quantile,0.5,494,COVID-19
DE-RP,00+,2022-04-06,2022-03-16,-21 day ahead inc hosp,quantile,0.75,494,COVID-19
DE-RP,00+,2022-04-06,2022-03-16,-21 day ahead inc hosp,quantile,0.9,494,COVID-19
DE-RP,00+,2022-04-06,2022-03-16,-21 day ahead inc hosp,quantile,0.975,494,COVID-19
DE-RP,00+,2022-04-06,2022-03-17,-20 day ahead inc hosp,mean,NA,504,COVID-19
DE-RP,00+,2022-04-06,2022-03-17,-20 day ahead inc hosp,quantile,0.025,504,COVID-19
DE-RP,00+,2022-04-06,2022-03-17,-20 day ahead inc hosp,quantile,0.1,504,COVID-19
DE-RP,00+,2022-04-06,2022-03-17,-20 day ahead inc hosp,quantile,0.25,504,COVID-19
DE-RP,00+,2022-04-06,2022-03-17,-20 day ahead inc hosp,quantile,0.5,504,COVID-19
DE-RP,00+,2022-04-06,2022-03-17,-20 day ahead inc hosp,quantile,0.75,504,COVID-19
DE-RP,00+,2022-04-06,2022-03-17,-20 day ahead inc hosp,quantile,0.9,504,COVID-19
DE-RP,00+,2022-04-06,2022-03-17,-20 day ahead inc hosp,quantile,0.975,504,COVID-19
DE-RP,00+,2022-04-06,2022-03-18,-19 day ahead inc hosp,mean,NA,496,COVID-19
DE-RP,00+,2022-04-06,2022-03-18,-19 day ahead inc hosp,quantile,0.025,496,COVID-19
DE-RP,00+,2022-04-06,2022-03-18,-19 day ahead inc hosp,quantile,0.1,496,COVID-19
DE-RP,00+,2022-04-06,2022-03-18,-19 day ahead inc hosp,quantile,0.25,496,COVID-19
DE-RP,00+,2022-04-06,2022-03-18,-19 day ahead inc hosp,quantile,0.5,496,COVID-19
DE-RP,00+,2022-04-06,2022-03-18,-19 day ahead inc hosp,quantile,0.75,496,COVID-19
DE-RP,00+,2022-04-06,2022-03-18,-19 day ahead inc hosp,quantile,0.9,496,COVID-19
DE-RP,00+,2022-04-06,2022-03-18,-19 day ahead inc hosp,quantile,0.975,496,COVID-19
DE-RP,00+,2022-04-06,2022-03-19,-18 day ahead inc hosp,mean,NA,469,COVID-19
DE-RP,00+,2022-04-06,2022-03-19,-18 day ahead inc hosp,quantile,0.025,469,COVID-19
DE-RP,00+,2022-04-06,2022-03-19,-18 day ahead inc hosp,quantile,0.1,469,COVID-19
DE-RP,00+,2022-04-06,2022-03-19,-18 day ahead inc hosp,quantile,0.25,469,COVID-19
DE-RP,00+,2022-04-06,2022-03-19,-18 day ahead inc hosp,quantile,0.5,469,COVID-19
DE-RP,00+,2022-04-06,2022-03-19,-18 day ahead inc hosp,quantile,0.75,469,COVID-19
DE-RP,00+,2022-04-06,2022-03-19,-18 day ahead inc hosp,quantile,0.9,469,COVID-19
DE-RP,00+,2022-04-06,2022-03-19,-18 day ahead inc hosp,quantile,0.975,469,COVID-19
DE-RP,00+,2022-04-06,2022-03-20,-17 day ahead inc hosp,mean,NA,477,COVID-19
DE-RP,00+,2022-04-06,2022-03-20,-17 day ahead inc hosp,quantile,0.025,477,COVID-19
DE-RP,00+,2022-04-06,2022-03-20,-17 day ahead inc hosp,quantile,0.1,477,COVID-19
DE-RP,00+,2022-04-06,2022-03-20,-17 day ahead inc hosp,quantile,0.25,477,COVID-19
DE-RP,00+,2022-04-06,2022-03-20,-17 day ahead inc hosp,quantile,0.5,477,COVID-19
DE-RP,00+,2022-04-06,2022-03-20,-17 day ahead inc hosp,quantile,0.75,477,COVID-19
DE-RP,00+,2022-04-06,2022-03-20,-17 day ahead inc hosp,quantile,0.9,477,COVID-19
DE-RP,00+,2022-04-06,2022-03-20,-17 day ahead inc hosp,quantile,0.975,477,COVID-19
DE-RP,00+,2022-04-06,2022-03-21,-16 day ahead inc hosp,mean,NA,470,COVID-19
DE-RP,00+,2022-04-06,2022-03-21,-16 day ahead inc hosp,quantile,0.025,470,COVID-19
DE-RP,00+,2022-04-06,2022-03-21,-16 day ahead inc hosp,quantile,0.1,470,COVID-19
DE-RP,00+,2022-04-06,2022-03-21,-16 day ahead inc hosp,quantile,0.25,470,COVID-19
DE-RP,00+,2022-04-06,2022-03-21,-16 day ahead inc hosp,quantile,0.5,470,COVID-19
DE-RP,00+,2022-04-06,2022-03-21,-16 day ahead inc hosp,quantile,0.75,470,COVID-19
DE-RP,00+,2022-04-06,2022-03-21,-16 day ahead inc hosp,quantile,0.9,470,COVID-19
DE-RP,00+,2022-04-06,2022-03-21,-16 day ahead inc hosp,quantile,0.975,470,COVID-19
DE-RP,00+,2022-04-06,2022-03-22,-15 day ahead inc hosp,mean,NA,475,COVID-19
DE-RP,00+,2022-04-06,2022-03-22,-15 day ahead inc hosp,quantile,0.025,475,COVID-19
DE-RP,00+,2022-04-06,2022-03-22,-15 day ahead inc hosp,quantile,0.1,475,COVID-19
DE-RP,00+,2022-04-06,2022-03-22,-15 day ahead inc hosp,quantile,0.25,475,COVID-19
DE-RP,00+,2022-04-06,2022-03-22,-15 day ahead inc hosp,quantile,0.5,475,COVID-19
DE-RP,00+,2022-04-06,2022-03-22,-15 day ahead inc hosp,quantile,0.75,475,COVID-19
DE-RP,00+,2022-04-06,2022-03-22,-15 day ahead inc hosp,quantile,0.9,475,COVID-19
DE-RP,00+,2022-04-06,2022-03-22,-15 day ahead inc hosp,quantile,0.975,475,COVID-19
DE-RP,00+,2022-04-06,2022-03-23,-14 day ahead inc hosp,mean,NA,499,COVID-19
DE-RP,00+,2022-04-06,2022-03-23,-14 day ahead inc hosp,quantile,0.025,499,COVID-19
DE-RP,00+,2022-04-06,2022-03-23,-14 day ahead inc hosp,quantile,0.1,499,COVID-19
DE-RP,00+,2022-04-06,2022-03-23,-14 day ahead inc hosp,quantile,0.25,499,COVID-19
DE-RP,00+,2022-04-06,2022-03-23,-14 day ahead inc hosp,quantile,0.5,499,COVID-19
DE-RP,00+,2022-04-06,2022-03-23,-14 day ahead inc hosp,quantile,0.75,499,COVID-19
DE-RP,00+,2022-04-06,2022-03-23,-14 day ahead inc hosp,quantile,0.9,499,COVID-19
DE-RP,00+,2022-04-06,2022-03-23,-14 day ahead inc hosp,quantile,0.975,499,COVID-19
DE-RP,00+,2022-04-06,2022-03-24,-13 day ahead inc hosp,mean,NA,503,COVID-19
DE-RP,00+,2022-04-06,2022-03-24,-13 day ahead inc hosp,quantile,0.025,503,COVID-19
DE-RP,00+,2022-04-06,2022-03-24,-13 day ahead inc hosp,quantile,0.1,503,COVID-19
DE-RP,00+,2022-04-06,2022-03-24,-13 day ahead inc hosp,quantile,0.25,503,COVID-19
DE-RP,00+,2022-04-06,2022-03-24,-13 day ahead inc hosp,quantile,0.5,503,COVID-19
DE-RP,00+,2022-04-06,2022-03-24,-13 day ahead inc hosp,quantile,0.75,503,COVID-19
DE-RP,00+,2022-04-06,2022-03-24,-13 day ahead inc hosp,quantile,0.9,503,COVID-19
DE-RP,00+,2022-04-06,2022-03-24,-13 day ahead inc hosp,quantile,0.975,503,COVID-19
DE-RP,00+,2022-04-06,2022-03-25,-12 day ahead inc hosp,mean,NA,519,COVID-19
DE-RP,00+,2022-04-06,2022-03-25,-12 day ahead inc hosp,quantile,0.025,519,COVID-19
DE-RP,00+,2022-04-06,2022-03-25,-12 day ahead inc hosp,quantile,0.1,519,COVID-19
DE-RP,00+,2022-04-06,2022-03-25,-12 day ahead inc hosp,quantile,0.25,519,COVID-19
DE-RP,00+,2022-04-06,2022-03-25,-12 day ahead inc hosp,quantile,0.5,519,COVID-19
DE-RP,00+,2022-04-06,2022-03-25,-12 day ahead inc hosp,quantile,0.75,519,COVID-19
DE-RP,00+,2022-04-06,2022-03-25,-12 day ahead inc hosp,quantile,0.9,519,COVID-19
DE-RP,00+,2022-04-06,2022-03-25,-12 day ahead inc hosp,quantile,0.975,519,COVID-19
DE-RP,00+,2022-04-06,2022-03-26,-11 day ahead inc hosp,mean,NA,522,COVID-19
DE-RP,00+,2022-04-06,2022-03-26,-11 day ahead inc hosp,quantile,0.025,522,COVID-19
DE-RP,00+,2022-04-06,2022-03-26,-11 day ahead inc hosp,quantile,0.1,522,COVID-19
DE-RP,00+,2022-04-06,2022-03-26,-11 day ahead inc hosp,quantile,0.25,522,COVID-19
DE-RP,00+,2022-04-06,2022-03-26,-11 day ahead inc hosp,quantile,0.5,522,COVID-19
DE-RP,00+,2022-04-06,2022-03-26,-11 day ahead inc hosp,quantile,0.75,522,COVID-19
DE-RP,00+,2022-04-06,2022-03-26,-11 day ahead inc hosp,quantile,0.9,522,COVID-19
DE-RP,00+,2022-04-06,2022-03-26,-11 day ahead inc hosp,quantile,0.975,522,COVID-19
DE-RP,00+,2022-04-06,2022-03-27,-10 day ahead inc hosp,mean,NA,510,COVID-19
DE-RP,00+,2022-04-06,2022-03-27,-10 day ahead inc hosp,quantile,0.025,510,COVID-19
DE-RP,00+,2022-04-06,2022-03-27,-10 day ahead inc hosp,quantile,0.1,510,COVID-19
DE-RP,00+,2022-04-06,2022-03-27,-10 day ahead inc hosp,quantile,0.25,510,COVID-19
DE-RP,00+,2022-04-06,2022-03-27,-10 day ahead inc hosp,quantile,0.5,510,COVID-19
DE-RP,00+,2022-04-06,2022-03-27,-10 day ahead inc hosp,quantile,0.75,510,COVID-19
DE-RP,00+,2022-04-06,2022-03-27,-10 day ahead inc hosp,quantile,0.9,510,COVID-19
DE-RP,00+,2022-04-06,2022-03-27,-10 day ahead inc hosp,quantile,0.975,510,COVID-19
DE-RP,00+,2022-04-06,2022-03-28,-9 day ahead inc hosp,mean,NA,506,COVID-19
DE-RP,00+,2022-04-06,2022-03-28,-9 day ahead inc hosp,quantile,0.025,506,COVID-19
DE-RP,00+,2022-04-06,2022-03-28,-9 day ahead inc hosp,quantile,0.1,506,COVID-19
DE-RP,00+,2022-04-06,2022-03-28,-9 day ahead inc hosp,quantile,0.25,506,COVID-19
DE-RP,00+,2022-04-06,2022-03-28,-9 day ahead inc hosp,quantile,0.5,506,COVID-19
DE-RP,00+,2022-04-06,2022-03-28,-9 day ahead inc hosp,quantile,0.75,506,COVID-19
DE-RP,00+,2022-04-06,2022-03-28,-9 day ahead inc hosp,quantile,0.9,506,COVID-19
DE-RP,00+,2022-04-06,2022-03-28,-9 day ahead inc hosp,quantile,0.975,506,COVID-19
DE-RP,00+,2022-04-06,2022-03-29,-8 day ahead inc hosp,mean,NA,516,COVID-19
DE-RP,00+,2022-04-06,2022-03-29,-8 day ahead inc hosp,quantile,0.025,516,COVID-19
DE-RP,00+,2022-04-06,2022-03-29,-8 day ahead inc hosp,quantile,0.1,516,COVID-19
DE-RP,00+,2022-04-06,2022-03-29,-8 day ahead inc hosp,quantile,0.25,516,COVID-19
DE-RP,00+,2022-04-06,2022-03-29,-8 day ahead inc hosp,quantile,0.5,516,COVID-19
DE-RP,00+,2022-04-06,2022-03-29,-8 day ahead inc hosp,quantile,0.75,516,COVID-19
DE-RP,00+,2022-04-06,2022-03-29,-8 day ahead inc hosp,quantile,0.9,516,COVID-19
DE-RP,00+,2022-04-06,2022-03-29,-8 day ahead inc hosp,quantile,0.975,516,COVID-19
DE-RP,00+,2022-04-06,2022-03-30,-7 day ahead inc hosp,mean,NA,530,COVID-19
DE-RP,00+,2022-04-06,2022-03-30,-7 day ahead inc hosp,quantile,0.025,530,COVID-19
DE-RP,00+,2022-04-06,2022-03-30,-7 day ahead inc hosp,quantile,0.1,530,COVID-19
DE-RP,00+,2022-04-06,2022-03-30,-7 day ahead inc hosp,quantile,0.25,530,COVID-19
DE-RP,00+,2022-04-06,2022-03-30,-7 day ahead inc hosp,quantile,0.5,530,COVID-19
DE-RP,00+,2022-04-06,2022-03-30,-7 day ahead inc hosp,quantile,0.75,530,COVID-19
DE-RP,00+,2022-04-06,2022-03-30,-7 day ahead inc hosp,quantile,0.9,530,COVID-19
DE-RP,00+,2022-04-06,2022-03-30,-7 day ahead inc hosp,quantile,0.975,530,COVID-19
DE-RP,00+,2022-04-06,2022-03-31,-6 day ahead inc hosp,mean,NA,491,COVID-19
DE-RP,00+,2022-04-06,2022-03-31,-6 day ahead inc hosp,quantile,0.025,491,COVID-19
DE-RP,00+,2022-04-06,2022-03-31,-6 day ahead inc hosp,quantile,0.1,491,COVID-19
DE-RP,00+,2022-04-06,2022-03-31,-6 day ahead inc hosp,quantile,0.25,491,COVID-19
DE-RP,00+,2022-04-06,2022-03-31,-6 day ahead inc hosp,quantile,0.5,491,COVID-19
DE-RP,00+,2022-04-06,2022-03-31,-6 day ahead inc hosp,quantile,0.75,491,COVID-19
DE-RP,00+,2022-04-06,2022-03-31,-6 day ahead inc hosp,quantile,0.9,491,COVID-19
DE-RP,00+,2022-04-06,2022-03-31,-6 day ahead inc hosp,quantile,0.975,491,COVID-19
DE-RP,00+,2022-04-06,2022-04-01,-5 day ahead inc hosp,mean,NA,449,COVID-19
DE-RP,00+,2022-04-06,2022-04-01,-5 day ahead inc hosp,quantile,0.025,449,COVID-19
DE-RP,00+,2022-04-06,2022-04-01,-5 day ahead inc hosp,quantile,0.1,449,COVID-19
DE-RP,00+,2022-04-06,2022-04-01,-5 day ahead inc hosp,quantile,0.25,449,COVID-19
DE-RP,00+,2022-04-06,2022-04-01,-5 day ahead inc hosp,quantile,0.5,449,COVID-19
DE-RP,00+,2022-04-06,2022-04-01,-5 day ahead inc hosp,quantile,0.75,449,COVID-19
DE-RP,00+,2022-04-06,2022-04-01,-5 day ahead inc hosp,quantile,0.9,449,COVID-19
DE-RP,00+,2022-04-06,2022-04-01,-5 day ahead inc hosp,quantile,0.975,449,COVID-19
DE-RP,00+,2022-04-06,2022-04-02,-4 day ahead inc hosp,mean,NA,429,COVID-19
DE-RP,00+,2022-04-06,2022-04-02,-4 day ahead inc hosp,quantile,0.025,429,COVID-19
DE-RP,00+,2022-04-06,2022-04-02,-4 day ahead inc hosp,quantile,0.1,429,COVID-19
DE-RP,00+,2022-04-06,2022-04-02,-4 day ahead inc hosp,quantile,0.25,429,COVID-19
DE-RP,00+,2022-04-06,2022-04-02,-4 day ahead inc hosp,quantile,0.5,429,COVID-19
DE-RP,00+,2022-04-06,2022-04-02,-4 day ahead inc hosp,quantile,0.75,429,COVID-19
DE-RP,00+,2022-04-06,2022-04-02,-4 day ahead inc hosp,quantile,0.9,429,COVID-19
DE-RP,00+,2022-04-06,2022-04-02,-4 day ahead inc hosp,quantile,0.975,429,COVID-19
DE-RP,00+,2022-04-06,2022-04-03,-3 day ahead inc hosp,mean,NA,429,COVID-19
DE-RP,00+,2022-04-06,2022-04-03,-3 day ahead inc hosp,quantile,0.025,429,COVID-19
DE-RP,00+,2022-04-06,2022-04-03,-3 day ahead inc hosp,quantile,0.1,429,COVID-19
DE-RP,00+,2022-04-06,2022-04-03,-3 day ahead inc hosp,quantile,0.25,429,COVID-19
DE-RP,00+,2022-04-06,2022-04-03,-3 day ahead inc hosp,quantile,0.5,429,COVID-19
DE-RP,00+,2022-04-06,2022-04-03,-3 day ahead inc hosp,quantile,0.75,429,COVID-19
DE-RP,00+,2022-04-06,2022-04-03,-3 day ahead inc hosp,quantile,0.9,429,COVID-19
DE-RP,00+,2022-04-06,2022-04-03,-3 day ahead inc hosp,quantile,0.975,429,COVID-19
DE-RP,00+,2022-04-06,2022-04-04,-2 day ahead inc hosp,mean,NA,425,COVID-19
DE-RP,00+,2022-04-06,2022-04-04,-2 day ahead inc hosp,quantile,0.025,425,COVID-19
DE-RP,00+,2022-04-06,2022-04-04,-2 day ahead inc hosp,quantile,0.1,425,COVID-19
DE-RP,00+,2022-04-06,2022-04-04,-2 day ahead inc hosp,quantile,0.25,425,COVID-19
DE-RP,00+,2022-04-06,2022-04-04,-2 day ahead inc hosp,quantile,0.5,425,COVID-19
DE-RP,00+,2022-04-06,2022-04-04,-2 day ahead inc hosp,quantile,0.75,425,COVID-19
DE-RP,00+,2022-04-06,2022-04-04,-2 day ahead inc hosp,quantile,0.9,425,COVID-19
DE-RP,00+,2022-04-06,2022-04-04,-2 day ahead inc hosp,quantile,0.975,425,COVID-19
DE-RP,00+,2022-04-06,2022-04-05,-1 day ahead inc hosp,mean,NA,409,COVID-19
DE-RP,00+,2022-04-06,2022-04-05,-1 day ahead inc hosp,quantile,0.025,409,COVID-19
DE-RP,00+,2022-04-06,2022-04-05,-1 day ahead inc hosp,quantile,0.1,409,COVID-19
DE-RP,00+,2022-04-06,2022-04-05,-1 day ahead inc hosp,quantile,0.25,409,COVID-19
DE-RP,00+,2022-04-06,2022-04-05,-1 day ahead inc hosp,quantile,0.5,409,COVID-19
DE-RP,00+,2022-04-06,2022-04-05,-1 day ahead inc hosp,quantile,0.75,409,COVID-19
DE-RP,00+,2022-04-06,2022-04-05,-1 day ahead inc hosp,quantile,0.9,409,COVID-19
DE-RP,00+,2022-04-06,2022-04-05,-1 day ahead inc hosp,quantile,0.975,409,COVID-19
DE-RP,00+,2022-04-06,2022-04-06,0 day ahead inc hosp,mean,NA,319,COVID-19
DE-RP,00+,2022-04-06,2022-04-06,0 day ahead inc hosp,quantile,0.025,319,COVID-19
DE-RP,00+,2022-04-06,2022-04-06,0 day ahead inc hosp,quantile,0.1,319,COVID-19
DE-RP,00+,2022-04-06,2022-04-06,0 day ahead inc hosp,quantile,0.25,319,COVID-19
DE-RP,00+,2022-04-06,2022-04-06,0 day ahead inc hosp,quantile,0.5,319,COVID-19
DE-RP,00+,2022-04-06,2022-04-06,0 day ahead inc hosp,quantile,0.75,319,COVID-19
DE-RP,00+,2022-04-06,2022-04-06,0 day ahead inc hosp,quantile,0.9,319,COVID-19
DE-RP,00+,2022-04-06,2022-04-06,0 day ahead inc hosp,quantile,0.975,319,COVID-19
DE-SH,00+,2022-04-06,2022-03-09,-28 day ahead inc hosp,mean,NA,230,COVID-19
DE-SH,00+,2022-04-06,2022-03-09,-28 day ahead inc hosp,quantile,0.025,230,COVID-19
DE-SH,00+,2022-04-06,2022-03-09,-28 day ahead inc hosp,quantile,0.1,230,COVID-19
DE-SH,00+,2022-04-06,2022-03-09,-28 day ahead inc hosp,quantile,0.25,230,COVID-19
DE-SH,00+,2022-04-06,2022-03-09,-28 day ahead inc hosp,quantile,0.5,230,COVID-19
DE-SH,00+,2022-04-06,2022-03-09,-28 day ahead inc hosp,quantile,0.75,230,COVID-19
DE-SH,00+,2022-04-06,2022-03-09,-28 day ahead inc hosp,quantile,0.9,230,COVID-19
DE-SH,00+,2022-04-06,2022-03-09,-28 day ahead inc hosp,quantile,0.975,230,COVID-19
DE-SH,00+,2022-04-06,2022-03-10,-27 day ahead inc hosp,mean,NA,242,COVID-19
DE-SH,00+,2022-04-06,2022-03-10,-27 day ahead inc hosp,quantile,0.025,242,COVID-19
DE-SH,00+,2022-04-06,2022-03-10,-27 day ahead inc hosp,quantile,0.1,242,COVID-19
DE-SH,00+,2022-04-06,2022-03-10,-27 day ahead inc hosp,quantile,0.25,242,COVID-19
DE-SH,00+,2022-04-06,2022-03-10,-27 day ahead inc hosp,quantile,0.5,242,COVID-19
DE-SH,00+,2022-04-06,2022-03-10,-27 day ahead inc hosp,quantile,0.75,242,COVID-19
DE-SH,00+,2022-04-06,2022-03-10,-27 day ahead inc hosp,quantile,0.9,242,COVID-19
DE-SH,00+,2022-04-06,2022-03-10,-27 day ahead inc hosp,quantile,0.975,242,COVID-19
DE-SH,00+,2022-04-06,2022-03-11,-26 day ahead inc hosp,mean,NA,252,COVID-19
DE-SH,00+,2022-04-06,2022-03-11,-26 day ahead inc hosp,quantile,0.025,252,COVID-19
DE-SH,00+,2022-04-06,2022-03-11,-26 day ahead inc hosp,quantile,0.1,252,COVID-19
DE-SH,00+,2022-04-06,2022-03-11,-26 day ahead inc hosp,quantile,0.25,252,COVID-19
DE-SH,00+,2022-04-06,2022-03-11,-26 day ahead inc hosp,quantile,0.5,252,COVID-19
DE-SH,00+,2022-04-06,2022-03-11,-26 day ahead inc hosp,quantile,0.75,252,COVID-19
DE-SH,00+,2022-04-06,2022-03-11,-26 day ahead inc hosp,quantile,0.9,252,COVID-19
DE-SH,00+,2022-04-06,2022-03-11,-26 day ahead inc hosp,quantile,0.975,252,COVID-19
DE-SH,00+,2022-04-06,2022-03-12,-25 day ahead inc hosp,mean,NA,239,COVID-19
DE-SH,00+,2022-04-06,2022-03-12,-25 day ahead inc hosp,quantile,0.025,239,COVID-19
DE-SH,00+,2022-04-06,2022-03-12,-25 day ahead inc hosp,quantile,0.1,239,COVID-19
DE-SH,00+,2022-04-06,2022-03-12,-25 day ahead inc hosp,quantile,0.25,239,COVID-19
DE-SH,00+,2022-04-06,2022-03-12,-25 day ahead inc hosp,quantile,0.5,239,COVID-19
DE-SH,00+,2022-04-06,2022-03-12,-25 day ahead inc hosp,quantile,0.75,239,COVID-19
DE-SH,00+,2022-04-06,2022-03-12,-25 day ahead inc hosp,quantile,0.9,239,COVID-19
DE-SH,00+,2022-04-06,2022-03-12,-25 day ahead inc hosp,quantile,0.975,239,COVID-19
DE-SH,00+,2022-04-06,2022-03-13,-24 day ahead inc hosp,mean,NA,245,COVID-19
DE-SH,00+,2022-04-06,2022-03-13,-24 day ahead inc hosp,quantile,0.025,245,COVID-19
DE-SH,00+,2022-04-06,2022-03-13,-24 day ahead inc hosp,quantile,0.1,245,COVID-19
DE-SH,00+,2022-04-06,2022-03-13,-24 day ahead inc hosp,quantile,0.25,245,COVID-19
DE-SH,00+,2022-04-06,2022-03-13,-24 day ahead inc hosp,quantile,0.5,245,COVID-19
DE-SH,00+,2022-04-06,2022-03-13,-24 day ahead inc hosp,quantile,0.75,245,COVID-19
DE-SH,00+,2022-04-06,2022-03-13,-24 day ahead inc hosp,quantile,0.9,245,COVID-19
DE-SH,00+,2022-04-06,2022-03-13,-24 day ahead inc hosp,quantile,0.975,245,COVID-19
DE-SH,00+,2022-04-06,2022-03-14,-23 day ahead inc hosp,mean,NA,238,COVID-19
DE-SH,00+,2022-04-06,2022-03-14,-23 day ahead inc hosp,quantile,0.025,238,COVID-19
DE-SH,00+,2022-04-06,2022-03-14,-23 day ahead inc hosp,quantile,0.1,238,COVID-19
DE-SH,00+,2022-04-06,2022-03-14,-23 day ahead inc hosp,quantile,0.25,238,COVID-19
DE-SH,00+,2022-04-06,2022-03-14,-23 day ahead inc hosp,quantile,0.5,238,COVID-19
DE-SH,00+,2022-04-06,2022-03-14,-23 day ahead inc hosp,quantile,0.75,238,COVID-19
DE-SH,00+,2022-04-06,2022-03-14,-23 day ahead inc hosp,quantile,0.9,238,COVID-19
DE-SH,00+,2022-04-06,2022-03-14,-23 day ahead inc hosp,quantile,0.975,238,COVID-19
DE-SH,00+,2022-04-06,2022-03-15,-22 day ahead inc hosp,mean,NA,264,COVID-19
DE-SH,00+,2022-04-06,2022-03-15,-22 day ahead inc hosp,quantile,0.025,264,COVID-19
DE-SH,00+,2022-04-06,2022-03-15,-22 day ahead inc hosp,quantile,0.1,264,COVID-19
DE-SH,00+,2022-04-06,2022-03-15,-22 day ahead inc hosp,quantile,0.25,264,COVID-19
DE-SH,00+,2022-04-06,2022-03-15,-22 day ahead inc hosp,quantile,0.5,264,COVID-19
DE-SH,00+,2022-04-06,2022-03-15,-22 day ahead inc hosp,quantile,0.75,264,COVID-19
DE-SH,00+,2022-04-06,2022-03-15,-22 day ahead inc hosp,quantile,0.9,264,COVID-19
DE-SH,00+,2022-04-06,2022-03-15,-22 day ahead inc hosp,quantile,0.975,264,COVID-19
DE-SH,00+,2022-04-06,2022-03-16,-21 day ahead inc hosp,mean,NA,289,COVID-19
DE-SH,00+,2022-04-06,2022-03-16,-21 day ahead inc hosp,quantile,0.025,289,COVID-19
DE-SH,00+,2022-04-06,2022-03-16,-21 day ahead inc hosp,quantile,0.1,289,COVID-19
DE-SH,00+,2022-04-06,2022-03-16,-21 day ahead inc hosp,quantile,0.25,289,COVID-19
DE-SH,00+,2022-04-06,2022-03-16,-21 day ahead inc hosp,quantile,0.5,289,COVID-19
DE-SH,00+,2022-04-06,2022-03-16,-21 day ahead inc hosp,quantile,0.75,289,COVID-19
DE-SH,00+,2022-04-06,2022-03-16,-21 day ahead inc hosp,quantile,0.9,289,COVID-19
DE-SH,00+,2022-04-06,2022-03-16,-21 day ahead inc hosp,quantile,0.975,289,COVID-19
DE-SH,00+,2022-04-06,2022-03-17,-20 day ahead inc hosp,mean,NA,301,COVID-19
DE-SH,00+,2022-04-06,2022-03-17,-20 day ahead inc hosp,quantile,0.025,301,COVID-19
DE-SH,00+,2022-04-06,2022-03-17,-20 day ahead inc hosp,quantile,0.1,301,COVID-19
DE-SH,00+,2022-04-06,2022-03-17,-20 day ahead inc hosp,quantile,0.25,301,COVID-19
DE-SH,00+,2022-04-06,2022-03-17,-20 day ahead inc hosp,quantile,0.5,301,COVID-19
DE-SH,00+,2022-04-06,2022-03-17,-20 day ahead inc hosp,quantile,0.75,301,COVID-19
DE-SH,00+,2022-04-06,2022-03-17,-20 day ahead inc hosp,quantile,0.9,301,COVID-19
DE-SH,00+,2022-04-06,2022-03-17,-20 day ahead inc hosp,quantile,0.975,301,COVID-19
DE-SH,00+,2022-04-06,2022-03-18,-19 day ahead inc hosp,mean,NA,300,COVID-19
DE-SH,00+,2022-04-06,2022-03-18,-19 day ahead inc hosp,quantile,0.025,300,COVID-19
DE-SH,00+,2022-04-06,2022-03-18,-19 day ahead inc hosp,quantile,0.1,300,COVID-19
DE-SH,00+,2022-04-06,2022-03-18,-19 day ahead inc hosp,quantile,0.25,300,COVID-19
DE-SH,00+,2022-04-06,2022-03-18,-19 day ahead inc hosp,quantile,0.5,300,COVID-19
DE-SH,00+,2022-04-06,2022-03-18,-19 day ahead inc hosp,quantile,0.75,300,COVID-19
DE-SH,00+,2022-04-06,2022-03-18,-19 day ahead inc hosp,quantile,0.9,300,COVID-19
DE-SH,00+,2022-04-06,2022-03-18,-19 day ahead inc hosp,quantile,0.975,300,COVID-19
DE-SH,00+,2022-04-06,2022-03-19,-18 day ahead inc hosp,mean,NA,316,COVID-19
DE-SH,00+,2022-04-06,2022-03-19,-18 day ahead inc hosp,quantile,0.025,316,COVID-19
DE-SH,00+,2022-04-06,2022-03-19,-18 day ahead inc hosp,quantile,0.1,316,COVID-19
DE-SH,00+,2022-04-06,2022-03-19,-18 day ahead inc hosp,quantile,0.25,316,COVID-19
DE-SH,00+,2022-04-06,2022-03-19,-18 day ahead inc hosp,quantile,0.5,316,COVID-19
DE-SH,00+,2022-04-06,2022-03-19,-18 day ahead inc hosp,quantile,0.75,316,COVID-19
DE-SH,00+,2022-04-06,2022-03-19,-18 day ahead inc hosp,quantile,0.9,316,COVID-19
DE-SH,00+,2022-04-06,2022-03-19,-18 day ahead inc hosp,quantile,0.975,316,COVID-19
DE-SH,00+,2022-04-06,2022-03-20,-17 day ahead inc hosp,mean,NA,310,COVID-19
DE-SH,00+,2022-04-06,2022-03-20,-17 day ahead inc hosp,quantile,0.025,310,COVID-19
DE-SH,00+,2022-04-06,2022-03-20,-17 day ahead inc hosp,quantile,0.1,310,COVID-19
DE-SH,00+,2022-04-06,2022-03-20,-17 day ahead inc hosp,quantile,0.25,310,COVID-19
DE-SH,00+,2022-04-06,2022-03-20,-17 day ahead inc hosp,quantile,0.5,310,COVID-19
DE-SH,00+,2022-04-06,2022-03-20,-17 day ahead inc hosp,quantile,0.75,310,COVID-19
DE-SH,00+,2022-04-06,2022-03-20,-17 day ahead inc hosp,quantile,0.9,310,COVID-19
DE-SH,00+,2022-04-06,2022-03-20,-17 day ahead inc hosp,quantile,0.975,310,COVID-19
DE-SH,00+,2022-04-06,2022-03-21,-16 day ahead inc hosp,mean,NA,318,COVID-19
DE-SH,00+,2022-04-06,2022-03-21,-16 day ahead inc hosp,quantile,0.025,318,COVID-19
DE-SH,00+,2022-04-06,2022-03-21,-16 day ahead inc hosp,quantile,0.1,318,COVID-19
DE-SH,00+,2022-04-06,2022-03-21,-16 day ahead inc hosp,quantile,0.25,318,COVID-19
DE-SH,00+,2022-04-06,2022-03-21,-16 day ahead inc hosp,quantile,0.5,318,COVID-19
DE-SH,00+,2022-04-06,2022-03-21,-16 day ahead inc hosp,quantile,0.75,318,COVID-19
DE-SH,00+,2022-04-06,2022-03-21,-16 day ahead inc hosp,quantile,0.9,318,COVID-19
DE-SH,00+,2022-04-06,2022-03-21,-16 day ahead inc hosp,quantile,0.975,318,COVID-19
DE-SH,00+,2022-04-06,2022-03-22,-15 day ahead inc hosp,mean,NA,317,COVID-19
DE-SH,00+,2022-04-06,2022-03-22,-15 day ahead inc hosp,quantile,0.025,317,COVID-19
DE-SH,00+,2022-04-06,2022-03-22,-15 day ahead inc hosp,quantile,0.1,317,COVID-19
DE-SH,00+,2022-04-06,2022-03-22,-15 day ahead inc hosp,quantile,0.25,317,COVID-19
DE-SH,00+,2022-04-06,2022-03-22,-15 day ahead inc hosp,quantile,0.5,317,COVID-19
DE-SH,00+,2022-04-06,2022-03-22,-15 day ahead inc hosp,quantile,0.75,317,COVID-19
DE-SH,00+,2022-04-06,2022-03-22,-15 day ahead inc hosp,quantile,0.9,317,COVID-19
DE-SH,00+,2022-04-06,2022-03-22,-15 day ahead inc hosp,quantile,0.975,317,COVID-19
DE-SH,00+,2022-04-06,2022-03-23,-14 day ahead inc hosp,mean,NA,322,COVID-19
DE-SH,00+,2022-04-06,2022-03-23,-14 day ahead inc hosp,quantile,0.025,322,COVID-19
DE-SH,00+,2022-04-06,2022-03-23,-14 day ahead inc hosp,quantile,0.1,322,COVID-19
DE-SH,00+,2022-04-06,2022-03-23,-14 day ahead inc hosp,quantile,0.25,322,COVID-19
DE-SH,00+,2022-04-06,2022-03-23,-14 day ahead inc hosp,quantile,0.5,322,COVID-19
DE-SH,00+,2022-04-06,2022-03-23,-14 day ahead inc hosp,quantile,0.75,322,COVID-19
DE-SH,00+,2022-04-06,2022-03-23,-14 day ahead inc hosp,quantile,0.9,322,COVID-19
DE-SH,00+,2022-04-06,2022-03-23,-14 day ahead inc hosp,quantile,0.975,322,COVID-19
DE-SH,00+,2022-04-06,2022-03-24,-13 day ahead inc hosp,mean,NA,317,COVID-19
DE-SH,00+,2022-04-06,2022-03-24,-13 day ahead inc hosp,quantile,0.025,317,COVID-19
DE-SH,00+,2022-04-06,2022-03-24,-13 day ahead inc hosp,quantile,0.1,317,COVID-19
DE-SH,00+,2022-04-06,2022-03-24,-13 day ahead inc hosp,quantile,0.25,317,COVID-19
DE-SH,00+,2022-04-06,2022-03-24,-13 day ahead inc hosp,quantile,0.5,317,COVID-19
DE-SH,00+,2022-04-06,2022-03-24,-13 day ahead inc hosp,quantile,0.75,317,COVID-19
DE-SH,00+,2022-04-06,2022-03-24,-13 day ahead inc hosp,quantile,0.9,317,COVID-19
DE-SH,00+,2022-04-06,2022-03-24,-13 day ahead inc hosp,quantile,0.975,317,COVID-19
DE-SH,00+,2022-04-06,2022-03-25,-12 day ahead inc hosp,mean,NA,317,COVID-19
DE-SH,00+,2022-04-06,2022-03-25,-12 day ahead inc hosp,quantile,0.025,317,COVID-19
DE-SH,00+,2022-04-06,2022-03-25,-12 day ahead inc hosp,quantile,0.1,317,COVID-19
DE-SH,00+,2022-04-06,2022-03-25,-12 day ahead inc hosp,quantile,0.25,317,COVID-19
DE-SH,00+,2022-04-06,2022-03-25,-12 day ahead inc hosp,quantile,0.5,317,COVID-19
DE-SH,00+,2022-04-06,2022-03-25,-12 day ahead inc hosp,quantile,0.75,317,COVID-19
DE-SH,00+,2022-04-06,2022-03-25,-12 day ahead inc hosp,quantile,0.9,317,COVID-19
DE-SH,00+,2022-04-06,2022-03-25,-12 day ahead inc hosp,quantile,0.975,317,COVID-19
DE-SH,00+,2022-04-06,2022-03-26,-11 day ahead inc hosp,mean,NA,320,COVID-19
DE-SH,00+,2022-04-06,2022-03-26,-11 day ahead inc hosp,quantile,0.025,320,COVID-19
DE-SH,00+,2022-04-06,2022-03-26,-11 day ahead inc hosp,quantile,0.1,320,COVID-19
DE-SH,00+,2022-04-06,2022-03-26,-11 day ahead inc hosp,quantile,0.25,320,COVID-19
DE-SH,00+,2022-04-06,2022-03-26,-11 day ahead inc hosp,quantile,0.5,320,COVID-19
DE-SH,00+,2022-04-06,2022-03-26,-11 day ahead inc hosp,quantile,0.75,320,COVID-19
DE-SH,00+,2022-04-06,2022-03-26,-11 day ahead inc hosp,quantile,0.9,320,COVID-19
DE-SH,00+,2022-04-06,2022-03-26,-11 day ahead inc hosp,quantile,0.975,320,COVID-19
DE-SH,00+,2022-04-06,2022-03-27,-10 day ahead inc hosp,mean,NA,327,COVID-19
DE-SH,00+,2022-04-06,2022-03-27,-10 day ahead inc hosp,quantile,0.025,327,COVID-19
DE-SH,00+,2022-04-06,2022-03-27,-10 day ahead inc hosp,quantile,0.1,327,COVID-19
DE-SH,00+,2022-04-06,2022-03-27,-10 day ahead inc hosp,quantile,0.25,327,COVID-19
DE-SH,00+,2022-04-06,2022-03-27,-10 day ahead inc hosp,quantile,0.5,327,COVID-19
DE-SH,00+,2022-04-06,2022-03-27,-10 day ahead inc hosp,quantile,0.75,327,COVID-19
DE-SH,00+,2022-04-06,2022-03-27,-10 day ahead inc hosp,quantile,0.9,327,COVID-19
DE-SH,00+,2022-04-06,2022-03-27,-10 day ahead inc hosp,quantile,0.975,327,COVID-19
DE-SH,00+,2022-04-06,2022-03-28,-9 day ahead inc hosp,mean,NA,323,COVID-19
DE-SH,00+,2022-04-06,2022-03-28,-9 day ahead inc hosp,quantile,0.025,323,COVID-19
DE-SH,00+,2022-04-06,2022-03-28,-9 day ahead inc hosp,quantile,0.1,323,COVID-19
DE-SH,00+,2022-04-06,2022-03-28,-9 day ahead inc hosp,quantile,0.25,323,COVID-19
DE-SH,00+,2022-04-06,2022-03-28,-9 day ahead inc hosp,quantile,0.5,323,COVID-19
DE-SH,00+,2022-04-06,2022-03-28,-9 day ahead inc hosp,quantile,0.75,323,COVID-19
DE-SH,00+,2022-04-06,2022-03-28,-9 day ahead inc hosp,quantile,0.9,323,COVID-19
DE-SH,00+,2022-04-06,2022-03-28,-9 day ahead inc hosp,quantile,0.975,323,COVID-19
DE-SH,00+,2022-04-06,2022-03-29,-8 day ahead inc hosp,mean,NA,329,COVID-19
DE-SH,00+,2022-04-06,2022-03-29,-8 day ahead inc hosp,quantile,0.025,329,COVID-19
DE-SH,00+,2022-04-06,2022-03-29,-8 day ahead inc hosp,quantile,0.1,329,COVID-19
DE-SH,00+,2022-04-06,2022-03-29,-8 day ahead inc hosp,quantile,0.25,329,COVID-19
DE-SH,00+,2022-04-06,2022-03-29,-8 day ahead inc hosp,quantile,0.5,329,COVID-19
DE-SH,00+,2022-04-06,2022-03-29,-8 day ahead inc hosp,quantile,0.75,329,COVID-19
DE-SH,00+,2022-04-06,2022-03-29,-8 day ahead inc hosp,quantile,0.9,329,COVID-19
DE-SH,00+,2022-04-06,2022-03-29,-8 day ahead inc hosp,quantile,0.975,329,COVID-19
DE-SH,00+,2022-04-06,2022-03-30,-7 day ahead inc hosp,mean,NA,310,COVID-19
DE-SH,00+,2022-04-06,2022-03-30,-7 day ahead inc hosp,quantile,0.025,310,COVID-19
DE-SH,00+,2022-04-06,2022-03-30,-7 day ahead inc hosp,quantile,0.1,310,COVID-19
DE-SH,00+,2022-04-06,2022-03-30,-7 day ahead inc hosp,quantile,0.25,310,COVID-19
DE-SH,00+,2022-04-06,2022-03-30,-7 day ahead inc hosp,quantile,0.5,310,COVID-19
DE-SH,00+,2022-04-06,2022-03-30,-7 day ahead inc hosp,quantile,0.75,310,COVID-19
DE-SH,00+,2022-04-06,2022-03-30,-7 day ahead inc hosp,quantile,0.9,310,COVID-19
DE-SH,00+,2022-04-06,2022-03-30,-7 day ahead inc hosp,quantile,0.975,310,COVID-19
DE-SH,00+,2022-04-06,2022-03-31,-6 day ahead inc hosp,mean,NA,290,COVID-19
DE-SH,00+,2022-04-06,2022-03-31,-6 day ahead inc hosp,quantile,0.025,290,COVID-19
DE-SH,00+,2022-04-06,2022-03-31,-6 day ahead inc hosp,quantile,0.1,290,COVID-19
DE-SH,00+,2022-04-06,2022-03-31,-6 day ahead inc hosp,quantile,0.25,290,COVID-19
DE-SH,00+,2022-04-06,2022-03-31,-6 day ahead inc hosp,quantile,0.5,290,COVID-19
DE-SH,00+,2022-04-06,2022-03-31,-6 day ahead inc hosp,quantile,0.75,290,COVID-19
DE-SH,00+,2022-04-06,2022-03-31,-6 day ahead inc hosp,quantile,0.9,290,COVID-19
DE-SH,00+,2022-04-06,2022-03-31,-6 day ahead inc hosp,quantile,0.975,290,COVID-19
DE-SH,00+,2022-04-06,2022-04-01,-5 day ahead inc hosp,mean,NA,280,COVID-19
DE-SH,00+,2022-04-06,2022-04-01,-5 day ahead inc hosp,quantile,0.025,280,COVID-19
DE-SH,00+,2022-04-06,2022-04-01,-5 day ahead inc hosp,quantile,0.1,280,COVID-19
DE-SH,00+,2022-04-06,2022-04-01,-5 day ahead inc hosp,quantile,0.25,280,COVID-19
DE-SH,00+,2022-04-06,2022-04-01,-5 day ahead inc hosp,quantile,0.5,280,COVID-19
DE-SH,00+,2022-04-06,2022-04-01,-5 day ahead inc hosp,quantile,0.75,280,COVID-19
DE-SH,00+,2022-04-06,2022-04-01,-5 day ahead inc hosp,quantile,0.9,280,COVID-19
DE-SH,00+,2022-04-06,2022-04-01,-5 day ahead inc hosp,quantile,0.975,280,COVID-19
DE-SH,00+,2022-04-06,2022-04-02,-4 day ahead inc hosp,mean,NA,259,COVID-19
DE-SH,00+,2022-04-06,2022-04-02,-4 day ahead inc hosp,quantile,0.025,259,COVID-19
DE-SH,00+,2022-04-06,2022-04-02,-4 day ahead inc hosp,quantile,0.1,259,COVID-19
DE-SH,00+,2022-04-06,2022-04-02,-4 day ahead inc hosp,quantile,0.25,259,COVID-19
DE-SH,00+,2022-04-06,2022-04-02,-4 day ahead inc hosp,quantile,0.5,259,COVID-19
DE-SH,00+,2022-04-06,2022-04-02,-4 day ahead inc hosp,quantile,0.75,259,COVID-19
DE-SH,00+,2022-04-06,2022-04-02,-4 day ahead inc hosp,quantile,0.9,259,COVID-19
DE-SH,00+,2022-04-06,2022-04-02,-4 day ahead inc hosp,quantile,0.975,259,COVID-19
DE-SH,00+,2022-04-06,2022-04-03,-3 day ahead inc hosp,mean,NA,244,COVID-19
DE-SH,00+,2022-04-06,2022-04-03,-3 day ahead inc hosp,quantile,0.025,244,COVID-19
DE-SH,00+,2022-04-06,2022-04-03,-3 day ahead inc hosp,quantile,0.1,244,COVID-19
DE-SH,00+,2022-04-06,2022-04-03,-3 day ahead inc hosp,quantile,0.25,244,COVID-19
DE-SH,00+,2022-04-06,2022-04-03,-3 day ahead inc hosp,quantile,0.5,244,COVID-19
DE-SH,00+,2022-04-06,2022-04-03,-3 day ahead inc hosp,quantile,0.75,244,COVID-19
DE-SH,00+,2022-04-06,2022-04-03,-3 day ahead inc hosp,quantile,0.9,244,COVID-19
DE-SH,00+,2022-04-06,2022-04-03,-3 day ahead inc hosp,quantile,0.975,244,COVID-19
DE-SH,00+,2022-04-06,2022-04-04,-2 day ahead inc hosp,mean,NA,239,COVID-19
DE-SH,00+,2022-04-06,2022-04-04,-2 day ahead inc hosp,quantile,0.025,239,COVID-19
DE-SH,00+,2022-04-06,2022-04-04,-2 day ahead inc hosp,quantile,0.1,239,COVID-19
DE-SH,00+,2022-04-06,2022-04-04,-2 day ahead inc hosp,quantile,0.25,239,COVID-19
DE-SH,00+,2022-04-06,2022-04-04,-2 day ahead inc hosp,quantile,0.5,239,COVID-19
DE-SH,00+,2022-04-06,2022-04-04,-2 day ahead inc hosp,quantile,0.75,239,COVID-19
DE-SH,00+,2022-04-06,2022-04-04,-2 day ahead inc hosp,quantile,0.9,239,COVID-19
DE-SH,00+,2022-04-06,2022-04-04,-2 day ahead inc hosp,quantile,0.975,239,COVID-19
DE-SH,00+,2022-04-06,2022-04-05,-1 day ahead inc hosp,mean,NA,200,COVID-19
DE-SH,00+,2022-04-06,2022-04-05,-1 day ahead inc hosp,quantile,0.025,200,COVID-19
DE-SH,00+,2022-04-06,2022-04-05,-1 day ahead inc hosp,quantile,0.1,200,COVID-19
DE-SH,00+,2022-04-06,2022-04-05,-1 day ahead inc hosp,quantile,0.25,200,COVID-19
DE-SH,00+,2022-04-06,2022-04-05,-1 day ahead inc hosp,quantile,0.5,200,COVID-19
DE-SH,00+,2022-04-06,2022-04-05,-1 day ahead inc hosp,quantile,0.75,200,COVID-19
DE-SH,00+,2022-04-06,2022-04-05,-1 day ahead inc hosp,quantile,0.9,200,COVID-19
DE-SH,00+,2022-04-06,2022-04-05,-1 day ahead inc hosp,quantile,0.975,200,COVID-19
DE-SH,00+,2022-04-06,2022-04-06,0 day ahead inc hosp,mean,NA,182,COVID-19
DE-SH,00+,2022-04-06,2022-04-06,0 day ahead inc hosp,quantile,0.025,182,COVID-19
DE-SH,00+,2022-04-06,2022-04-06,0 day ahead inc hosp,quantile,0.1,182,COVID-19
DE-SH,00+,2022-04-06,2022-04-06,0 day ahead inc hosp,quantile,0.25,182,COVID-19
DE-SH,00+,2022-04-06,2022-04-06,0 day ahead inc hosp,quantile,0.5,182,COVID-19
DE-SH,00+,2022-04-06,2022-04-06,0 day ahead inc hosp,quantile,0.75,182,COVID-19
DE-SH,00+,2022-04-06,2022-04-06,0 day ahead inc hosp,quantile,0.9,182,COVID-19
DE-SH,00+,2022-04-06,2022-04-06,0 day ahead inc hosp,quantile,0.975,182,COVID-19
DE-SL,00+,2022-04-06,2022-03-09,-28 day ahead inc hosp,mean,NA,70,COVID-19
DE-SL,00+,2022-04-06,2022-03-09,-28 day ahead inc hosp,quantile,0.025,70,COVID-19
DE-SL,00+,2022-04-06,2022-03-09,-28 day ahead inc hosp,quantile,0.1,70,COVID-19
DE-SL,00+,2022-04-06,2022-03-09,-28 day ahead inc hosp,quantile,0.25,70,COVID-19
DE-SL,00+,2022-04-06,2022-03-09,-28 day ahead inc hosp,quantile,0.5,70,COVID-19
DE-SL,00+,2022-04-06,2022-03-09,-28 day ahead inc hosp,quantile,0.75,70,COVID-19
DE-SL,00+,2022-04-06,2022-03-09,-28 day ahead inc hosp,quantile,0.9,70,COVID-19
DE-SL,00+,2022-04-06,2022-03-09,-28 day ahead inc hosp,quantile,0.975,70,COVID-19
DE-SL,00+,2022-04-06,2022-03-10,-27 day ahead inc hosp,mean,NA,80,COVID-19
DE-SL,00+,2022-04-06,2022-03-10,-27 day ahead inc hosp,quantile,0.025,80,COVID-19
DE-SL,00+,2022-04-06,2022-03-10,-27 day ahead inc hosp,quantile,0.1,80,COVID-19
DE-SL,00+,2022-04-06,2022-03-10,-27 day ahead inc hosp,quantile,0.25,80,COVID-19
DE-SL,00+,2022-04-06,2022-03-10,-27 day ahead inc hosp,quantile,0.5,80,COVID-19
DE-SL,00+,2022-04-06,2022-03-10,-27 day ahead inc hosp,quantile,0.75,80,COVID-19
DE-SL,00+,2022-04-06,2022-03-10,-27 day ahead inc hosp,quantile,0.9,80,COVID-19
DE-SL,00+,2022-04-06,2022-03-10,-27 day ahead inc hosp,quantile,0.975,80,COVID-19
DE-SL,00+,2022-04-06,2022-03-11,-26 day ahead inc hosp,mean,NA,98,COVID-19
DE-SL,00+,2022-04-06,2022-03-11,-26 day ahead inc hosp,quantile,0.025,98,COVID-19
DE-SL,00+,2022-04-06,2022-03-11,-26 day ahead inc hosp,quantile,0.1,98,COVID-19
DE-SL,00+,2022-04-06,2022-03-11,-26 day ahead inc hosp,quantile,0.25,98,COVID-19
DE-SL,00+,2022-04-06,2022-03-11,-26 day ahead inc hosp,quantile,0.5,98,COVID-19
DE-SL,00+,2022-04-06,2022-03-11,-26 day ahead inc hosp,quantile,0.75,98,COVID-19
DE-SL,00+,2022-04-06,2022-03-11,-26 day ahead inc hosp,quantile,0.9,98,COVID-19
DE-SL,00+,2022-04-06,2022-03-11,-26 day ahead inc hosp,quantile,0.975,98,COVID-19
DE-SL,00+,2022-04-06,2022-03-12,-25 day ahead inc hosp,mean,NA,105,COVID-19
DE-SL,00+,2022-04-06,2022-03-12,-25 day ahead inc hosp,quantile,0.025,105,COVID-19
DE-SL,00+,2022-04-06,2022-03-12,-25 day ahead inc hosp,quantile,0.1,105,COVID-19
DE-SL,00+,2022-04-06,2022-03-12,-25 day ahead inc hosp,quantile,0.25,105,COVID-19
DE-SL,00+,2022-04-06,2022-03-12,-25 day ahead inc hosp,quantile,0.5,105,COVID-19
DE-SL,00+,2022-04-06,2022-03-12,-25 day ahead inc hosp,quantile,0.75,105,COVID-19
DE-SL,00+,2022-04-06,2022-03-12,-25 day ahead inc hosp,quantile,0.9,105,COVID-19
DE-SL,00+,2022-04-06,2022-03-12,-25 day ahead inc hosp,quantile,0.975,105,COVID-19
DE-SL,00+,2022-04-06,2022-03-13,-24 day ahead inc hosp,mean,NA,116,COVID-19
DE-SL,00+,2022-04-06,2022-03-13,-24 day ahead inc hosp,quantile,0.025,116,COVID-19
DE-SL,00+,2022-04-06,2022-03-13,-24 day ahead inc hosp,quantile,0.1,116,COVID-19
DE-SL,00+,2022-04-06,2022-03-13,-24 day ahead inc hosp,quantile,0.25,116,COVID-19
DE-SL,00+,2022-04-06,2022-03-13,-24 day ahead inc hosp,quantile,0.5,116,COVID-19
DE-SL,00+,2022-04-06,2022-03-13,-24 day ahead inc hosp,quantile,0.75,116,COVID-19
DE-SL,00+,2022-04-06,2022-03-13,-24 day ahead inc hosp,quantile,0.9,116,COVID-19
DE-SL,00+,2022-04-06,2022-03-13,-24 day ahead inc hosp,quantile,0.975,116,COVID-19
DE-SL,00+,2022-04-06,2022-03-14,-23 day ahead inc hosp,mean,NA,128,COVID-19
DE-SL,00+,2022-04-06,2022-03-14,-23 day ahead inc hosp,quantile,0.025,128,COVID-19
DE-SL,00+,2022-04-06,2022-03-14,-23 day ahead inc hosp,quantile,0.1,128,COVID-19
DE-SL,00+,2022-04-06,2022-03-14,-23 day ahead inc hosp,quantile,0.25,128,COVID-19
DE-SL,00+,2022-04-06,2022-03-14,-23 day ahead inc hosp,quantile,0.5,128,COVID-19
DE-SL,00+,2022-04-06,2022-03-14,-23 day ahead inc hosp,quantile,0.75,128,COVID-19
DE-SL,00+,2022-04-06,2022-03-14,-23 day ahead inc hosp,quantile,0.9,128,COVID-19
DE-SL,00+,2022-04-06,2022-03-14,-23 day ahead inc hosp,quantile,0.975,128,COVID-19
DE-SL,00+,2022-04-06,2022-03-15,-22 day ahead inc hosp,mean,NA,138,COVID-19
DE-SL,00+,2022-04-06,2022-03-15,-22 day ahead inc hosp,quantile,0.025,138,COVID-19
DE-SL,00+,2022-04-06,2022-03-15,-22 day ahead inc hosp,quantile,0.1,138,COVID-19
DE-SL,00+,2022-04-06,2022-03-15,-22 day ahead inc hosp,quantile,0.25,138,COVID-19
DE-SL,00+,2022-04-06,2022-03-15,-22 day ahead inc hosp,quantile,0.5,138,COVID-19
DE-SL,00+,2022-04-06,2022-03-15,-22 day ahead inc hosp,quantile,0.75,138,COVID-19
DE-SL,00+,2022-04-06,2022-03-15,-22 day ahead inc hosp,quantile,0.9,138,COVID-19
DE-SL,00+,2022-04-06,2022-03-15,-22 day ahead inc hosp,quantile,0.975,138,COVID-19
DE-SL,00+,2022-04-06,2022-03-16,-21 day ahead inc hosp,mean,NA,140,COVID-19
DE-SL,00+,2022-04-06,2022-03-16,-21 day ahead inc hosp,quantile,0.025,140,COVID-19
DE-SL,00+,2022-04-06,2022-03-16,-21 day ahead inc hosp,quantile,0.1,140,COVID-19
DE-SL,00+,2022-04-06,2022-03-16,-21 day ahead inc hosp,quantile,0.25,140,COVID-19
DE-SL,00+,2022-04-06,2022-03-16,-21 day ahead inc hosp,quantile,0.5,140,COVID-19
DE-SL,00+,2022-04-06,2022-03-16,-21 day ahead inc hosp,quantile,0.75,140,COVID-19
DE-SL,00+,2022-04-06,2022-03-16,-21 day ahead inc hosp,quantile,0.9,140,COVID-19
DE-SL,00+,2022-04-06,2022-03-16,-21 day ahead inc hosp,quantile,0.975,140,COVID-19
DE-SL,00+,2022-04-06,2022-03-17,-20 day ahead inc hosp,mean,NA,139,COVID-19
DE-SL,00+,2022-04-06,2022-03-17,-20 day ahead inc hosp,quantile,0.025,139,COVID-19
DE-SL,00+,2022-04-06,2022-03-17,-20 day ahead inc hosp,quantile,0.1,139,COVID-19
DE-SL,00+,2022-04-06,2022-03-17,-20 day ahead inc hosp,quantile,0.25,139,COVID-19
DE-SL,00+,2022-04-06,2022-03-17,-20 day ahead inc hosp,quantile,0.5,139,COVID-19
DE-SL,00+,2022-04-06,2022-03-17,-20 day ahead inc hosp,quantile,0.75,139,COVID-19
DE-SL,00+,2022-04-06,2022-03-17,-20 day ahead inc hosp,quantile,0.9,139,COVID-19
DE-SL,00+,2022-04-06,2022-03-17,-20 day ahead inc hosp,quantile,0.975,139,COVID-19
DE-SL,00+,2022-04-06,2022-03-18,-19 day ahead inc hosp,mean,NA,141,COVID-19
DE-SL,00+,2022-04-06,2022-03-18,-19 day ahead inc hosp,quantile,0.025,141,COVID-19
DE-SL,00+,2022-04-06,2022-03-18,-19 day ahead inc hosp,quantile,0.1,141,COVID-19
DE-SL,00+,2022-04-06,2022-03-18,-19 day ahead inc hosp,quantile,0.25,141,COVID-19
DE-SL,00+,2022-04-06,2022-03-18,-19 day ahead inc hosp,quantile,0.5,141,COVID-19
DE-SL,00+,2022-04-06,2022-03-18,-19 day ahead inc hosp,quantile,0.75,141,COVID-19
DE-SL,00+,2022-04-06,2022-03-18,-19 day ahead inc hosp,quantile,0.9,141,COVID-19
DE-SL,00+,2022-04-06,2022-03-18,-19 day ahead inc hosp,quantile,0.975,141,COVID-19
DE-SL,00+,2022-04-06,2022-03-19,-18 day ahead inc hosp,mean,NA,146,COVID-19
DE-SL,00+,2022-04-06,2022-03-19,-18 day ahead inc hosp,quantile,0.025,146,COVID-19
DE-SL,00+,2022-04-06,2022-03-19,-18 day ahead inc hosp,quantile,0.1,146,COVID-19
DE-SL,00+,2022-04-06,2022-03-19,-18 day ahead inc hosp,quantile,0.25,146,COVID-19
DE-SL,00+,2022-04-06,2022-03-19,-18 day ahead inc hosp,quantile,0.5,146,COVID-19
DE-SL,00+,2022-04-06,2022-03-19,-18 day ahead inc hosp,quantile,0.75,146,COVID-19
DE-SL,00+,2022-04-06,2022-03-19,-18 day ahead inc hosp,quantile,0.9,146,COVID-19
DE-SL,00+,2022-04-06,2022-03-19,-18 day ahead inc hosp,quantile,0.975,146,COVID-19
DE-SL,00+,2022-04-06,2022-03-20,-17 day ahead inc hosp,mean,NA,147,COVID-19
DE-SL,00+,2022-04-06,2022-03-20,-17 day ahead inc hosp,quantile,0.025,147,COVID-19
DE-SL,00+,2022-04-06,2022-03-20,-17 day ahead inc hosp,quantile,0.1,147,COVID-19
DE-SL,00+,2022-04-06,2022-03-20,-17 day ahead inc hosp,quantile,0.25,147,COVID-19
DE-SL,00+,2022-04-06,2022-03-20,-17 day ahead inc hosp,quantile,0.5,147,COVID-19
DE-SL,00+,2022-04-06,2022-03-20,-17 day ahead inc hosp,quantile,0.75,147,COVID-19
DE-SL,00+,2022-04-06,2022-03-20,-17 day ahead inc hosp,quantile,0.9,147,COVID-19
DE-SL,00+,2022-04-06,2022-03-20,-17 day ahead inc hosp,quantile,0.975,147,COVID-19
DE-SL,00+,2022-04-06,2022-03-21,-16 day ahead inc hosp,mean,NA,136,COVID-19
DE-SL,00+,2022-04-06,2022-03-21,-16 day ahead inc hosp,quantile,0.025,136,COVID-19
DE-SL,00+,2022-04-06,2022-03-21,-16 day ahead inc hosp,quantile,0.1,136,COVID-19
DE-SL,00+,2022-04-06,2022-03-21,-16 day ahead inc hosp,quantile,0.25,136,COVID-19
DE-SL,00+,2022-04-06,2022-03-21,-16 day ahead inc hosp,quantile,0.5,136,COVID-19
DE-SL,00+,2022-04-06,2022-03-21,-16 day ahead inc hosp,quantile,0.75,136,COVID-19
DE-SL,00+,2022-04-06,2022-03-21,-16 day ahead inc hosp,quantile,0.9,136,COVID-19
DE-SL,00+,2022-04-06,2022-03-21,-16 day ahead inc hosp,quantile,0.975,136,COVID-19
DE-SL,00+,2022-04-06,2022-03-22,-15 day ahead inc hosp,mean,NA,134,COVID-19
DE-SL,00+,2022-04-06,2022-03-22,-15 day ahead inc hosp,quantile,0.025,134,COVID-19
DE-SL,00+,2022-04-06,2022-03-22,-15 day ahead inc hosp,quantile,0.1,134,COVID-19
DE-SL,00+,2022-04-06,2022-03-22,-15 day ahead inc hosp,quantile,0.25,134,COVID-19
DE-SL,00+,2022-04-06,2022-03-22,-15 day ahead inc hosp,quantile,0.5,134,COVID-19
DE-SL,00+,2022-04-06,2022-03-22,-15 day ahead inc hosp,quantile,0.75,134,COVID-19
DE-SL,00+,2022-04-06,2022-03-22,-15 day ahead inc hosp,quantile,0.9,134,COVID-19
DE-SL,00+,2022-04-06,2022-03-22,-15 day ahead inc hosp,quantile,0.975,134,COVID-19
DE-SL,00+,2022-04-06,2022-03-23,-14 day ahead inc hosp,mean,NA,132,COVID-19
DE-SL,00+,2022-04-06,2022-03-23,-14 day ahead inc hosp,quantile,0.025,132,COVID-19
DE-SL,00+,2022-04-06,2022-03-23,-14 day ahead inc hosp,quantile,0.1,132,COVID-19
DE-SL,00+,2022-04-06,2022-03-23,-14 day ahead inc hosp,quantile,0.25,132,COVID-19
DE-SL,00+,2022-04-06,2022-03-23,-14 day ahead inc hosp,quantile,0.5,132,COVID-19
DE-SL,00+,2022-04-06,2022-03-23,-14 day ahead inc hosp,quantile,0.75,132,COVID-19
DE-SL,00+,2022-04-06,2022-03-23,-14 day ahead inc hosp,quantile,0.9,132,COVID-19
DE-SL,00+,2022-04-06,2022-03-23,-14 day ahead inc hosp,quantile,0.975,132,COVID-19
DE-SL,00+,2022-04-06,2022-03-24,-13 day ahead inc hosp,mean,NA,139,COVID-19
DE-SL,00+,2022-04-06,2022-03-24,-13 day ahead inc hosp,quantile,0.025,139,COVID-19
DE-SL,00+,2022-04-06,2022-03-24,-13 day ahead inc hosp,quantile,0.1,139,COVID-19
DE-SL,00+,2022-04-06,2022-03-24,-13 day ahead inc hosp,quantile,0.25,139,COVID-19
DE-SL,00+,2022-04-06,2022-03-24,-13 day ahead inc hosp,quantile,0.5,139,COVID-19
DE-SL,00+,2022-04-06,2022-03-24,-13 day ahead inc hosp,quantile,0.75,139,COVID-19
DE-SL,00+,2022-04-06,2022-03-24,-13 day ahead inc hosp,quantile,0.9,139,COVID-19
DE-SL,00+,2022-04-06,2022-03-24,-13 day ahead inc hosp,quantile,0.975,139,COVID-19
DE-SL,00+,2022-04-06,2022-03-25,-12 day ahead inc hosp,mean,NA,130,COVID-19
DE-SL,00+,2022-04-06,2022-03-25,-12 day ahead inc hosp,quantile,0.025,130,COVID-19
DE-SL,00+,2022-04-06,2022-03-25,-12 day ahead inc hosp,quantile,0.1,130,COVID-19
DE-SL,00+,2022-04-06,2022-03-25,-12 day ahead inc hosp,quantile,0.25,130,COVID-19
DE-SL,00+,2022-04-06,2022-03-25,-12 day ahead inc hosp,quantile,0.5,130,COVID-19
DE-SL,00+,2022-04-06,2022-03-25,-12 day ahead inc hosp,quantile,0.75,130,COVID-19
DE-SL,00+,2022-04-06,2022-03-25,-12 day ahead inc hosp,quantile,0.9,130,COVID-19
DE-SL,00+,2022-04-06,2022-03-25,-12 day ahead inc hosp,quantile,0.975,130,COVID-19
DE-SL,00+,2022-04-06,2022-03-26,-11 day ahead inc hosp,mean,NA,123,COVID-19
DE-SL,00+,2022-04-06,2022-03-26,-11 day ahead inc hosp,quantile,0.025,123,COVID-19
DE-SL,00+,2022-04-06,2022-03-26,-11 day ahead inc hosp,quantile,0.1,123,COVID-19
DE-SL,00+,2022-04-06,2022-03-26,-11 day ahead inc hosp,quantile,0.25,123,COVID-19
DE-SL,00+,2022-04-06,2022-03-26,-11 day ahead inc hosp,quantile,0.5,123,COVID-19
DE-SL,00+,2022-04-06,2022-03-26,-11 day ahead inc hosp,quantile,0.75,123,COVID-19
DE-SL,00+,2022-04-06,2022-03-26,-11 day ahead inc hosp,quantile,0.9,123,COVID-19
DE-SL,00+,2022-04-06,2022-03-26,-11 day ahead inc hosp,quantile,0.975,123,COVID-19
DE-SL,00+,2022-04-06,2022-03-27,-10 day ahead inc hosp,mean,NA,120,COVID-19
DE-SL,00+,2022-04-06,2022-03-27,-10 day ahead inc hosp,quantile,0.025,120,COVID-19
DE-SL,00+,2022-04-06,2022-03-27,-10 day ahead inc hosp,quantile,0.1,120,COVID-19
DE-SL,00+,2022-04-06,2022-03-27,-10 day ahead inc hosp,quantile,0.25,120,COVID-19
DE-SL,00+,2022-04-06,2022-03-27,-10 day ahead inc hosp,quantile,0.5,120,COVID-19
DE-SL,00+,2022-04-06,2022-03-27,-10 day ahead inc hosp,quantile,0.75,120,COVID-19
DE-SL,00+,2022-04-06,2022-03-27,-10 day ahead inc hosp,quantile,0.9,120,COVID-19
DE-SL,00+,2022-04-06,2022-03-27,-10 day ahead inc hosp,quantile,0.975,120,COVID-19
DE-SL,00+,2022-04-06,2022-03-28,-9 day ahead inc hosp,mean,NA,124,COVID-19
DE-SL,00+,2022-04-06,2022-03-28,-9 day ahead inc hosp,quantile,0.025,124,COVID-19
DE-SL,00+,2022-04-06,2022-03-28,-9 day ahead inc hosp,quantile,0.1,124,COVID-19
DE-SL,00+,2022-04-06,2022-03-28,-9 day ahead inc hosp,quantile,0.25,124,COVID-19
DE-SL,00+,2022-04-06,2022-03-28,-9 day ahead inc hosp,quantile,0.5,124,COVID-19
DE-SL,00+,2022-04-06,2022-03-28,-9 day ahead inc hosp,quantile,0.75,124,COVID-19
DE-SL,00+,2022-04-06,2022-03-28,-9 day ahead inc hosp,quantile,0.9,124,COVID-19
DE-SL,00+,2022-04-06,2022-03-28,-9 day ahead inc hosp,quantile,0.975,124,COVID-19
DE-SL,00+,2022-04-06,2022-03-29,-8 day ahead inc hosp,mean,NA,119,COVID-19
DE-SL,00+,2022-04-06,2022-03-29,-8 day ahead inc hosp,quantile,0.025,119,COVID-19
DE-SL,00+,2022-04-06,2022-03-29,-8 day ahead inc hosp,quantile,0.1,119,COVID-19
DE-SL,00+,2022-04-06,2022-03-29,-8 day ahead inc hosp,quantile,0.25,119,COVID-19
DE-SL,00+,2022-04-06,2022-03-29,-8 day ahead inc hosp,quantile,0.5,119,COVID-19
DE-SL,00+,2022-04-06,2022-03-29,-8 day ahead inc hosp,quantile,0.75,119,COVID-19
DE-SL,00+,2022-04-06,2022-03-29,-8 day ahead inc hosp,quantile,0.9,119,COVID-19
DE-SL,00+,2022-04-06,2022-03-29,-8 day ahead inc hosp,quantile,0.975,119,COVID-19
DE-SL,00+,2022-04-06,2022-03-30,-7 day ahead inc hosp,mean,NA,114,COVID-19
DE-SL,00+,2022-04-06,2022-03-30,-7 day ahead inc hosp,quantile,0.025,114,COVID-19
DE-SL,00+,2022-04-06,2022-03-30,-7 day ahead inc hosp,quantile,0.1,114,COVID-19
DE-SL,00+,2022-04-06,2022-03-30,-7 day ahead inc hosp,quantile,0.25,114,COVID-19
DE-SL,00+,2022-04-06,2022-03-30,-7 day ahead inc hosp,quantile,0.5,114,COVID-19
DE-SL,00+,2022-04-06,2022-03-30,-7 day ahead inc hosp,quantile,0.75,114,COVID-19
DE-SL,00+,2022-04-06,2022-03-30,-7 day ahead inc hosp,quantile,0.9,114,COVID-19
DE-SL,00+,2022-04-06,2022-03-30,-7 day ahead inc hosp,quantile,0.975,114,COVID-19
DE-SL,00+,2022-04-06,2022-03-31,-6 day ahead inc hosp,mean,NA,105,COVID-19
DE-SL,00+,2022-04-06,2022-03-31,-6 day ahead inc hosp,quantile,0.025,105,COVID-19
DE-SL,00+,2022-04-06,2022-03-31,-6 day ahead inc hosp,quantile,0.1,105,COVID-19
DE-SL,00+,2022-04-06,2022-03-31,-6 day ahead inc hosp,quantile,0.25,105,COVID-19
DE-SL,00+,2022-04-06,2022-03-31,-6 day ahead inc hosp,quantile,0.5,105,COVID-19
DE-SL,00+,2022-04-06,2022-03-31,-6 day ahead inc hosp,quantile,0.75,105,COVID-19
DE-SL,00+,2022-04-06,2022-03-31,-6 day ahead inc hosp,quantile,0.9,105,COVID-19
DE-SL,00+,2022-04-06,2022-03-31,-6 day ahead inc hosp,quantile,0.975,105,COVID-19
DE-SL,00+,2022-04-06,2022-04-01,-5 day ahead inc hosp,mean,NA,97,COVID-19
DE-SL,00+,2022-04-06,2022-04-01,-5 day ahead inc hosp,quantile,0.025,97,COVID-19
DE-SL,00+,2022-04-06,2022-04-01,-5 day ahead inc hosp,quantile,0.1,97,COVID-19
DE-SL,00+,2022-04-06,2022-04-01,-5 day ahead inc hosp,quantile,0.25,97,COVID-19
DE-SL,00+,2022-04-06,2022-04-01,-5 day ahead inc hosp,quantile,0.5,97,COVID-19
DE-SL,00+,2022-04-06,2022-04-01,-5 day ahead inc hosp,quantile,0.75,97,COVID-19
DE-SL,00+,2022-04-06,2022-04-01,-5 day ahead inc hosp,quantile,0.9,97,COVID-19
DE-SL,00+,2022-04-06,2022-04-01,-5 day ahead inc hosp,quantile,0.975,97,COVID-19
DE-SL,00+,2022-04-06,2022-04-02,-4 day ahead inc hosp,mean,NA,91,COVID-19
DE-SL,00+,2022-04-06,2022-04-02,-4 day ahead inc hosp,quantile,0.025,91,COVID-19
DE-SL,00+,2022-04-06,2022-04-02,-4 day ahead inc hosp,quantile,0.1,91,COVID-19
DE-SL,00+,2022-04-06,2022-04-02,-4 day ahead inc hosp,quantile,0.25,91,COVID-19
DE-SL,00+,2022-04-06,2022-04-02,-4 day ahead inc hosp,quantile,0.5,91,COVID-19
DE-SL,00+,2022-04-06,2022-04-02,-4 day ahead inc hosp,quantile,0.75,91,COVID-19
DE-SL,00+,2022-04-06,2022-04-02,-4 day ahead inc hosp,quantile,0.9,91,COVID-19
DE-SL,00+,2022-04-06,2022-04-02,-4 day ahead inc hosp,quantile,0.975,91,COVID-19
DE-SL,00+,2022-04-06,2022-04-03,-3 day ahead inc hosp,mean,NA,83,COVID-19
DE-SL,00+,2022-04-06,2022-04-03,-3 day ahead inc hosp,quantile,0.025,83,COVID-19
DE-SL,00+,2022-04-06,2022-04-03,-3 day ahead inc hosp,quantile,0.1,83,COVID-19
DE-SL,00+,2022-04-06,2022-04-03,-3 day ahead inc hosp,quantile,0.25,83,COVID-19
DE-SL,00+,2022-04-06,2022-04-03,-3 day ahead inc hosp,quantile,0.5,83,COVID-19
DE-SL,00+,2022-04-06,2022-04-03,-3 day ahead inc hosp,quantile,0.75,83,COVID-19
DE-SL,00+,2022-04-06,2022-04-03,-3 day ahead inc hosp,quantile,0.9,83,COVID-19
DE-SL,00+,2022-04-06,2022-04-03,-3 day ahead inc hosp,quantile,0.975,83,COVID-19
DE-SL,00+,2022-04-06,2022-04-04,-2 day ahead inc hosp,mean,NA,77,COVID-19
DE-SL,00+,2022-04-06,2022-04-04,-2 day ahead inc hosp,quantile,0.025,77,COVID-19
DE-SL,00+,2022-04-06,2022-04-04,-2 day ahead inc hosp,quantile,0.1,77,COVID-19
DE-SL,00+,2022-04-06,2022-04-04,-2 day ahead inc hosp,quantile,0.25,77,COVID-19
DE-SL,00+,2022-04-06,2022-04-04,-2 day ahead inc hosp,quantile,0.5,77,COVID-19
DE-SL,00+,2022-04-06,2022-04-04,-2 day ahead inc hosp,quantile,0.75,77,COVID-19
DE-SL,00+,2022-04-06,2022-04-04,-2 day ahead inc hosp,quantile,0.9,77,COVID-19
DE-SL,00+,2022-04-06,2022-04-04,-2 day ahead inc hosp,quantile,0.975,77,COVID-19
DE-SL,00+,2022-04-06,2022-04-05,-1 day ahead inc hosp,mean,NA,78,COVID-19
DE-SL,00+,2022-04-06,2022-04-05,-1 day ahead inc hosp,quantile,0.025,78,COVID-19
DE-SL,00+,2022-04-06,2022-04-05,-1 day ahead inc hosp,quantile,0.1,78,COVID-19
DE-SL,00+,2022-04-06,2022-04-05,-1 day ahead inc hosp,quantile,0.25,78,COVID-19
DE-SL,00+,2022-04-06,2022-04-05,-1 day ahead inc hosp,quantile,0.5,78,COVID-19
DE-SL,00+,2022-04-06,2022-04-05,-1 day ahead inc hosp,quantile,0.75,78,COVID-19
DE-SL,00+,2022-04-06,2022-04-05,-1 day ahead inc hosp,quantile,0.9,78,COVID-19
DE-SL,00+,2022-04-06,2022-04-05,-1 day ahead inc hosp,quantile,0.975,78,COVID-19
DE-SL,00+,2022-04-06,2022-04-06,0 day ahead inc hosp,mean,NA,60,COVID-19
DE-SL,00+,2022-04-06,2022-04-06,0 day ahead inc hosp,quantile,0.025,60,COVID-19
DE-SL,00+,2022-04-06,2022-04-06,0 day ahead inc hosp,quantile,0.1,60,COVID-19
DE-SL,00+,2022-04-06,2022-04-06,0 day ahead inc hosp,quantile,0.25,60,COVID-19
DE-SL,00+,2022-04-06,2022-04-06,0 day ahead inc hosp,quantile,0.5,60,COVID-19
DE-SL,00+,2022-04-06,2022-04-06,0 day ahead inc hosp,quantile,0.75,60,COVID-19
DE-SL,00+,2022-04-06,2022-04-06,0 day ahead inc hosp,quantile,0.9,60,COVID-19
DE-SL,00+,2022-04-06,2022-04-06,0 day ahead inc hosp,quantile,0.975,60,COVID-19
DE-SN,00+,2022-04-06,2022-03-09,-28 day ahead inc hosp,mean,NA,423,COVID-19
DE-SN,00+,2022-04-06,2022-03-09,-28 day ahead inc hosp,quantile,0.025,423,COVID-19
DE-SN,00+,2022-04-06,2022-03-09,-28 day ahead inc hosp,quantile,0.1,423,COVID-19
DE-SN,00+,2022-04-06,2022-03-09,-28 day ahead inc hosp,quantile,0.25,423,COVID-19
DE-SN,00+,2022-04-06,2022-03-09,-28 day ahead inc hosp,quantile,0.5,423,COVID-19
DE-SN,00+,2022-04-06,2022-03-09,-28 day ahead inc hosp,quantile,0.75,423,COVID-19
DE-SN,00+,2022-04-06,2022-03-09,-28 day ahead inc hosp,quantile,0.9,423,COVID-19
DE-SN,00+,2022-04-06,2022-03-09,-28 day ahead inc hosp,quantile,0.975,423,COVID-19
DE-SN,00+,2022-04-06,2022-03-10,-27 day ahead inc hosp,mean,NA,431,COVID-19
DE-SN,00+,2022-04-06,2022-03-10,-27 day ahead inc hosp,quantile,0.025,431,COVID-19
DE-SN,00+,2022-04-06,2022-03-10,-27 day ahead inc hosp,quantile,0.1,431,COVID-19
DE-SN,00+,2022-04-06,2022-03-10,-27 day ahead inc hosp,quantile,0.25,431,COVID-19
DE-SN,00+,2022-04-06,2022-03-10,-27 day ahead inc hosp,quantile,0.5,431,COVID-19
DE-SN,00+,2022-04-06,2022-03-10,-27 day ahead inc hosp,quantile,0.75,431,COVID-19
DE-SN,00+,2022-04-06,2022-03-10,-27 day ahead inc hosp,quantile,0.9,431,COVID-19
DE-SN,00+,2022-04-06,2022-03-10,-27 day ahead inc hosp,quantile,0.975,431,COVID-19
DE-SN,00+,2022-04-06,2022-03-11,-26 day ahead inc hosp,mean,NA,465,COVID-19
DE-SN,00+,2022-04-06,2022-03-11,-26 day ahead inc hosp,quantile,0.025,465,COVID-19
DE-SN,00+,2022-04-06,2022-03-11,-26 day ahead inc hosp,quantile,0.1,465,COVID-19
DE-SN,00+,2022-04-06,2022-03-11,-26 day ahead inc hosp,quantile,0.25,465,COVID-19
DE-SN,00+,2022-04-06,2022-03-11,-26 day ahead inc hosp,quantile,0.5,465,COVID-19
DE-SN,00+,2022-04-06,2022-03-11,-26 day ahead inc hosp,quantile,0.75,465,COVID-19
DE-SN,00+,2022-04-06,2022-03-11,-26 day ahead inc hosp,quantile,0.9,465,COVID-19
DE-SN,00+,2022-04-06,2022-03-11,-26 day ahead inc hosp,quantile,0.975,465,COVID-19
DE-SN,00+,2022-04-06,2022-03-12,-25 day ahead inc hosp,mean,NA,484,COVID-19
DE-SN,00+,2022-04-06,2022-03-12,-25 day ahead inc hosp,quantile,0.025,484,COVID-19
DE-SN,00+,2022-04-06,2022-03-12,-25 day ahead inc hosp,quantile,0.1,484,COVID-19
DE-SN,00+,2022-04-06,2022-03-12,-25 day ahead inc hosp,quantile,0.25,484,COVID-19
DE-SN,00+,2022-04-06,2022-03-12,-25 day ahead inc hosp,quantile,0.5,484,COVID-19
DE-SN,00+,2022-04-06,2022-03-12,-25 day ahead inc hosp,quantile,0.75,484,COVID-19
DE-SN,00+,2022-04-06,2022-03-12,-25 day ahead inc hosp,quantile,0.9,484,COVID-19
DE-SN,00+,2022-04-06,2022-03-12,-25 day ahead inc hosp,quantile,0.975,484,COVID-19
DE-SN,00+,2022-04-06,2022-03-13,-24 day ahead inc hosp,mean,NA,491,COVID-19
DE-SN,00+,2022-04-06,2022-03-13,-24 day ahead inc hosp,quantile,0.025,491,COVID-19
DE-SN,00+,2022-04-06,2022-03-13,-24 day ahead inc hosp,quantile,0.1,491,COVID-19
DE-SN,00+,2022-04-06,2022-03-13,-24 day ahead inc hosp,quantile,0.25,491,COVID-19
DE-SN,00+,2022-04-06,2022-03-13,-24 day ahead inc hosp,quantile,0.5,491,COVID-19
DE-SN,00+,2022-04-06,2022-03-13,-24 day ahead inc hosp,quantile,0.75,491,COVID-19
DE-SN,00+,2022-04-06,2022-03-13,-24 day ahead inc hosp,quantile,0.9,491,COVID-19
DE-SN,00+,2022-04-06,2022-03-13,-24 day ahead inc hosp,quantile,0.975,491,COVID-19
DE-SN,00+,2022-04-06,2022-03-14,-23 day ahead inc hosp,mean,NA,493,COVID-19
DE-SN,00+,2022-04-06,2022-03-14,-23 day ahead inc hosp,quantile,0.025,493,COVID-19
DE-SN,00+,2022-04-06,2022-03-14,-23 day ahead inc hosp,quantile,0.1,493,COVID-19
DE-SN,00+,2022-04-06,2022-03-14,-23 day ahead inc hosp,quantile,0.25,493,COVID-19
DE-SN,00+,2022-04-06,2022-03-14,-23 day ahead inc hosp,quantile,0.5,493,COVID-19
DE-SN,00+,2022-04-06,2022-03-14,-23 day ahead inc hosp,quantile,0.75,493,COVID-19
DE-SN,00+,2022-04-06,2022-03-14,-23 day ahead inc hosp,quantile,0.9,493,COVID-19
DE-SN,00+,2022-04-06,2022-03-14,-23 day ahead inc hosp,quantile,0.975,493,COVID-19
DE-SN,00+,2022-04-06,2022-03-15,-22 day ahead inc hosp,mean,NA,526,COVID-19
DE-SN,00+,2022-04-06,2022-03-15,-22 day ahead inc hosp,quantile,0.025,526,COVID-19
DE-SN,00+,2022-04-06,2022-03-15,-22 day ahead inc hosp,quantile,0.1,526,COVID-19
DE-SN,00+,2022-04-06,2022-03-15,-22 day ahead inc hosp,quantile,0.25,526,COVID-19
DE-SN,00+,2022-04-06,2022-03-15,-22 day ahead inc hosp,quantile,0.5,526,COVID-19
DE-SN,00+,2022-04-06,2022-03-15,-22 day ahead inc hosp,quantile,0.75,526,COVID-19
DE-SN,00+,2022-04-06,2022-03-15,-22 day ahead inc hosp,quantile,0.9,526,COVID-19
DE-SN,00+,2022-04-06,2022-03-15,-22 day ahead inc hosp,quantile,0.975,526,COVID-19
DE-SN,00+,2022-04-06,2022-03-16,-21 day ahead inc hosp,mean,NA,522,COVID-19
DE-SN,00+,2022-04-06,2022-03-16,-21 day ahead inc hosp,quantile,0.025,522,COVID-19
DE-SN,00+,2022-04-06,2022-03-16,-21 day ahead inc hosp,quantile,0.1,522,COVID-19
DE-SN,00+,2022-04-06,2022-03-16,-21 day ahead inc hosp,quantile,0.25,522,COVID-19
DE-SN,00+,2022-04-06,2022-03-16,-21 day ahead inc hosp,quantile,0.5,522,COVID-19
DE-SN,00+,2022-04-06,2022-03-16,-21 day ahead inc hosp,quantile,0.75,522,COVID-19
DE-SN,00+,2022-04-06,2022-03-16,-21 day ahead inc hosp,quantile,0.9,522,COVID-19
DE-SN,00+,2022-04-06,2022-03-16,-21 day ahead inc hosp,quantile,0.975,522,COVID-19
DE-SN,00+,2022-04-06,2022-03-17,-20 day ahead inc hosp,mean,NA,516,COVID-19
DE-SN,00+,2022-04-06,2022-03-17,-20 day ahead inc hosp,quantile,0.025,516,COVID-19
DE-SN,00+,2022-04-06,2022-03-17,-20 day ahead inc hosp,quantile,0.1,516,COVID-19
DE-SN,00+,2022-04-06,2022-03-17,-20 day ahead inc hosp,quantile,0.25,516,COVID-19
DE-SN,00+,2022-04-06,2022-03-17,-20 day ahead inc hosp,quantile,0.5,516,COVID-19
DE-SN,00+,2022-04-06,2022-03-17,-20 day ahead inc hosp,quantile,0.75,516,COVID-19
DE-SN,00+,2022-04-06,2022-03-17,-20 day ahead inc hosp,quantile,0.9,516,COVID-19
DE-SN,00+,2022-04-06,2022-03-17,-20 day ahead inc hosp,quantile,0.975,516,COVID-19
DE-SN,00+,2022-04-06,2022-03-18,-19 day ahead inc hosp,mean,NA,522,COVID-19
DE-SN,00+,2022-04-06,2022-03-18,-19 day ahead inc hosp,quantile,0.025,522,COVID-19
DE-SN,00+,2022-04-06,2022-03-18,-19 day ahead inc hosp,quantile,0.1,522,COVID-19
DE-SN,00+,2022-04-06,2022-03-18,-19 day ahead inc hosp,quantile,0.25,522,COVID-19
DE-SN,00+,2022-04-06,2022-03-18,-19 day ahead inc hosp,quantile,0.5,522,COVID-19
DE-SN,00+,2022-04-06,2022-03-18,-19 day ahead inc hosp,quantile,0.75,522,COVID-19
DE-SN,00+,2022-04-06,2022-03-18,-19 day ahead inc hosp,quantile,0.9,522,COVID-19
DE-SN,00+,2022-04-06,2022-03-18,-19 day ahead inc hosp,quantile,0.975,522,COVID-19
DE-SN,00+,2022-04-06,2022-03-19,-18 day ahead inc hosp,mean,NA,527,COVID-19
DE-SN,00+,2022-04-06,2022-03-19,-18 day ahead inc hosp,quantile,0.025,527,COVID-19
DE-SN,00+,2022-04-06,2022-03-19,-18 day ahead inc hosp,quantile,0.1,527,COVID-19
DE-SN,00+,2022-04-06,2022-03-19,-18 day ahead inc hosp,quantile,0.25,527,COVID-19
DE-SN,00+,2022-04-06,2022-03-19,-18 day ahead inc hosp,quantile,0.5,527,COVID-19
DE-SN,00+,2022-04-06,2022-03-19,-18 day ahead inc hosp,quantile,0.75,527,COVID-19
DE-SN,00+,2022-04-06,2022-03-19,-18 day ahead inc hosp,quantile,0.9,527,COVID-19
DE-SN,00+,2022-04-06,2022-03-19,-18 day ahead inc hosp,quantile,0.975,527,COVID-19
DE-SN,00+,2022-04-06,2022-03-20,-17 day ahead inc hosp,mean,NA,528,COVID-19
DE-SN,00+,2022-04-06,2022-03-20,-17 day ahead inc hosp,quantile,0.025,528,COVID-19
DE-SN,00+,2022-04-06,2022-03-20,-17 day ahead inc hosp,quantile,0.1,528,COVID-19
DE-SN,00+,2022-04-06,2022-03-20,-17 day ahead inc hosp,quantile,0.25,528,COVID-19
DE-SN,00+,2022-04-06,2022-03-20,-17 day ahead inc hosp,quantile,0.5,528,COVID-19
DE-SN,00+,2022-04-06,2022-03-20,-17 day ahead inc hosp,quantile,0.75,528,COVID-19
DE-SN,00+,2022-04-06,2022-03-20,-17 day ahead inc hosp,quantile,0.9,528,COVID-19
DE-SN,00+,2022-04-06,2022-03-20,-17 day ahead inc hosp,quantile,0.975,528,COVID-19
DE-SN,00+,2022-04-06,2022-03-21,-16 day ahead inc hosp,mean,NA,525,COVID-19
DE-SN,00+,2022-04-06,2022-03-21,-16 day ahead inc hosp,quantile,0.025,525,COVID-19
DE-SN,00+,2022-04-06,2022-03-21,-16 day ahead inc hosp,quantile,0.1,525,COVID-19
DE-SN,00+,2022-04-06,2022-03-21,-16 day ahead inc hosp,quantile,0.25,525,COVID-19
DE-SN,00+,2022-04-06,2022-03-21,-16 day ahead inc hosp,quantile,0.5,525,COVID-19
DE-SN,00+,2022-04-06,2022-03-21,-16 day ahead inc hosp,quantile,0.75,525,COVID-19
DE-SN,00+,2022-04-06,2022-03-21,-16 day ahead inc hosp,quantile,0.9,525,COVID-19
DE-SN,00+,2022-04-06,2022-03-21,-16 day ahead inc hosp,quantile,0.975,525,COVID-19
DE-SN,00+,2022-04-06,2022-03-22,-15 day ahead inc hosp,mean,NA,553,COVID-19
DE-SN,00+,2022-04-06,2022-03-22,-15 day ahead inc hosp,quantile,0.025,553,COVID-19
DE-SN,00+,2022-04-06,2022-03-22,-15 day ahead inc hosp,quantile,0.1,553,COVID-19
DE-SN,00+,2022-04-06,2022-03-22,-15 day ahead inc hosp,quantile,0.25,553,COVID-19
DE-SN,00+,2022-04-06,2022-03-22,-15 day ahead inc hosp,quantile,0.5,553,COVID-19
DE-SN,00+,2022-04-06,2022-03-22,-15 day ahead inc hosp,quantile,0.75,553,COVID-19
DE-SN,00+,2022-04-06,2022-03-22,-15 day ahead inc hosp,quantile,0.9,553,COVID-19
DE-SN,00+,2022-04-06,2022-03-22,-15 day ahead inc hosp,quantile,0.975,553,COVID-19
DE-SN,00+,2022-04-06,2022-03-23,-14 day ahead inc hosp,mean,NA,549,COVID-19
DE-SN,00+,2022-04-06,2022-03-23,-14 day ahead inc hosp,quantile,0.025,549,COVID-19
DE-SN,00+,2022-04-06,2022-03-23,-14 day ahead inc hosp,quantile,0.1,549,COVID-19
DE-SN,00+,2022-04-06,2022-03-23,-14 day ahead inc hosp,quantile,0.25,549,COVID-19
DE-SN,00+,2022-04-06,2022-03-23,-14 day ahead inc hosp,quantile,0.5,549,COVID-19
DE-SN,00+,2022-04-06,2022-03-23,-14 day ahead inc hosp,quantile,0.75,549,COVID-19
DE-SN,00+,2022-04-06,2022-03-23,-14 day ahead inc hosp,quantile,0.9,549,COVID-19
DE-SN,00+,2022-04-06,2022-03-23,-14 day ahead inc hosp,quantile,0.975,549,COVID-19
DE-SN,00+,2022-04-06,2022-03-24,-13 day ahead inc hosp,mean,NA,555,COVID-19
DE-SN,00+,2022-04-06,2022-03-24,-13 day ahead inc hosp,quantile,0.025,555,COVID-19
DE-SN,00+,2022-04-06,2022-03-24,-13 day ahead inc hosp,quantile,0.1,555,COVID-19
DE-SN,00+,2022-04-06,2022-03-24,-13 day ahead inc hosp,quantile,0.25,555,COVID-19
DE-SN,00+,2022-04-06,2022-03-24,-13 day ahead inc hosp,quantile,0.5,555,COVID-19
DE-SN,00+,2022-04-06,2022-03-24,-13 day ahead inc hosp,quantile,0.75,555,COVID-19
DE-SN,00+,2022-04-06,2022-03-24,-13 day ahead inc hosp,quantile,0.9,555,COVID-19
DE-SN,00+,2022-04-06,2022-03-24,-13 day ahead inc hosp,quantile,0.975,555,COVID-19
DE-SN,00+,2022-04-06,2022-03-25,-12 day ahead inc hosp,mean,NA,543,COVID-19
DE-SN,00+,2022-04-06,2022-03-25,-12 day ahead inc hosp,quantile,0.025,543,COVID-19
DE-SN,00+,2022-04-06,2022-03-25,-12 day ahead inc hosp,quantile,0.1,543,COVID-19
DE-SN,00+,2022-04-06,2022-03-25,-12 day ahead inc hosp,quantile,0.25,543,COVID-19
DE-SN,00+,2022-04-06,2022-03-25,-12 day ahead inc hosp,quantile,0.5,543,COVID-19
DE-SN,00+,2022-04-06,2022-03-25,-12 day ahead inc hosp,quantile,0.75,543,COVID-19
DE-SN,00+,2022-04-06,2022-03-25,-12 day ahead inc hosp,quantile,0.9,543,COVID-19
DE-SN,00+,2022-04-06,2022-03-25,-12 day ahead inc hosp,quantile,0.975,543,COVID-19
DE-SN,00+,2022-04-06,2022-03-26,-11 day ahead inc hosp,mean,NA,540,COVID-19
DE-SN,00+,2022-04-06,2022-03-26,-11 day ahead inc hosp,quantile,0.025,540,COVID-19
DE-SN,00+,2022-04-06,2022-03-26,-11 day ahead inc hosp,quantile,0.1,540,COVID-19
DE-SN,00+,2022-04-06,2022-03-26,-11 day ahead inc hosp,quantile,0.25,540,COVID-19
DE-SN,00+,2022-04-06,2022-03-26,-11 day ahead inc hosp,quantile,0.5,540,COVID-19
DE-SN,00+,2022-04-06,2022-03-26,-11 day ahead inc hosp,quantile,0.75,540,COVID-19
DE-SN,00+,2022-04-06,2022-03-26,-11 day ahead inc hosp,quantile,0.9,540,COVID-19
DE-SN,00+,2022-04-06,2022-03-26,-11 day ahead inc hosp,quantile,0.975,540,COVID-19
DE-SN,00+,2022-04-06,2022-03-27,-10 day ahead inc hosp,mean,NA,540,COVID-19
DE-SN,00+,2022-04-06,2022-03-27,-10 day ahead inc hosp,quantile,0.025,540,COVID-19
DE-SN,00+,2022-04-06,2022-03-27,-10 day ahead inc hosp,quantile,0.1,540,COVID-19
DE-SN,00+,2022-04-06,2022-03-27,-10 day ahead inc hosp,quantile,0.25,540,COVID-19
DE-SN,00+,2022-04-06,2022-03-27,-10 day ahead inc hosp,quantile,0.5,540,COVID-19
DE-SN,00+,2022-04-06,2022-03-27,-10 day ahead inc hosp,quantile,0.75,540,COVID-19
DE-SN,00+,2022-04-06,2022-03-27,-10 day ahead inc hosp,quantile,0.9,540,COVID-19
DE-SN,00+,2022-04-06,2022-03-27,-10 day ahead inc hosp,quantile,0.975,540,COVID-19
DE-SN,00+,2022-04-06,2022-03-28,-9 day ahead inc hosp,mean,NA,544,COVID-19
DE-SN,00+,2022-04-06,2022-03-28,-9 day ahead inc hosp,quantile,0.025,544,COVID-19
DE-SN,00+,2022-04-06,2022-03-28,-9 day ahead inc hosp,quantile,0.1,544,COVID-19
DE-SN,00+,2022-04-06,2022-03-28,-9 day ahead inc hosp,quantile,0.25,544,COVID-19
DE-SN,00+,2022-04-06,2022-03-28,-9 day ahead inc hosp,quantile,0.5,544,COVID-19
DE-SN,00+,2022-04-06,2022-03-28,-9 day ahead inc hosp,quantile,0.75,544,COVID-19
DE-SN,00+,2022-04-06,2022-03-28,-9 day ahead inc hosp,quantile,0.9,544,COVID-19
DE-SN,00+,2022-04-06,2022-03-28,-9 day ahead inc hosp,quantile,0.975,544,COVID-19
DE-SN,00+,2022-04-06,2022-03-29,-8 day ahead inc hosp,mean,NA,518,COVID-19
DE-SN,00+,2022-04-06,2022-03-29,-8 day ahead inc hosp,quantile,0.025,518,COVID-19
DE-SN,00+,2022-04-06,2022-03-29,-8 day ahead inc hosp,quantile,0.1,518,COVID-19
DE-SN,00+,2022-04-06,2022-03-29,-8 day ahead inc hosp,quantile,0.25,518,COVID-19
DE-SN,00+,2022-04-06,2022-03-29,-8 day ahead inc hosp,quantile,0.5,518,COVID-19
DE-SN,00+,2022-04-06,2022-03-29,-8 day ahead inc hosp,quantile,0.75,518,COVID-19
DE-SN,00+,2022-04-06,2022-03-29,-8 day ahead inc hosp,quantile,0.9,518,COVID-19
DE-SN,00+,2022-04-06,2022-03-29,-8 day ahead inc hosp,quantile,0.975,518,COVID-19
DE-SN,00+,2022-04-06,2022-03-30,-7 day ahead inc hosp,mean,NA,491,COVID-19
DE-SN,00+,2022-04-06,2022-03-30,-7 day ahead inc hosp,quantile,0.025,491,COVID-19
DE-SN,00+,2022-04-06,2022-03-30,-7 day ahead inc hosp,quantile,0.1,491,COVID-19
DE-SN,00+,2022-04-06,2022-03-30,-7 day ahead inc hosp,quantile,0.25,491,COVID-19
DE-SN,00+,2022-04-06,2022-03-30,-7 day ahead inc hosp,quantile,0.5,491,COVID-19
DE-SN,00+,2022-04-06,2022-03-30,-7 day ahead inc hosp,quantile,0.75,491,COVID-19
DE-SN,00+,2022-04-06,2022-03-30,-7 day ahead inc hosp,quantile,0.9,491,COVID-19
DE-SN,00+,2022-04-06,2022-03-30,-7 day ahead inc hosp,quantile,0.975,491,COVID-19
DE-SN,00+,2022-04-06,2022-03-31,-6 day ahead inc hosp,mean,NA,468,COVID-19
DE-SN,00+,2022-04-06,2022-03-31,-6 day ahead inc hosp,quantile,0.025,468,COVID-19
DE-SN,00+,2022-04-06,2022-03-31,-6 day ahead inc hosp,quantile,0.1,468,COVID-19
DE-SN,00+,2022-04-06,2022-03-31,-6 day ahead inc hosp,quantile,0.25,468,COVID-19
DE-SN,00+,2022-04-06,2022-03-31,-6 day ahead inc hosp,quantile,0.5,468,COVID-19
DE-SN,00+,2022-04-06,2022-03-31,-6 day ahead inc hosp,quantile,0.75,468,COVID-19
DE-SN,00+,2022-04-06,2022-03-31,-6 day ahead inc hosp,quantile,0.9,468,COVID-19
DE-SN,00+,2022-04-06,2022-03-31,-6 day ahead inc hosp,quantile,0.975,468,COVID-19
DE-SN,00+,2022-04-06,2022-04-01,-5 day ahead inc hosp,mean,NA,446,COVID-19
DE-SN,00+,2022-04-06,2022-04-01,-5 day ahead inc hosp,quantile,0.025,446,COVID-19
DE-SN,00+,2022-04-06,2022-04-01,-5 day ahead inc hosp,quantile,0.1,446,COVID-19
DE-SN,00+,2022-04-06,2022-04-01,-5 day ahead inc hosp,quantile,0.25,446,COVID-19
DE-SN,00+,2022-04-06,2022-04-01,-5 day ahead inc hosp,quantile,0.5,446,COVID-19
DE-SN,00+,2022-04-06,2022-04-01,-5 day ahead inc hosp,quantile,0.75,446,COVID-19
DE-SN,00+,2022-04-06,2022-04-01,-5 day ahead inc hosp,quantile,0.9,446,COVID-19
DE-SN,00+,2022-04-06,2022-04-01,-5 day ahead inc hosp,quantile,0.975,446,COVID-19
DE-SN,00+,2022-04-06,2022-04-02,-4 day ahead inc hosp,mean,NA,419,COVID-19
DE-SN,00+,2022-04-06,2022-04-02,-4 day ahead inc hosp,quantile,0.025,419,COVID-19
DE-SN,00+,2022-04-06,2022-04-02,-4 day ahead inc hosp,quantile,0.1,419,COVID-19
DE-SN,00+,2022-04-06,2022-04-02,-4 day ahead inc hosp,quantile,0.25,419,COVID-19
DE-SN,00+,2022-04-06,2022-04-02,-4 day ahead inc hosp,quantile,0.5,419,COVID-19
DE-SN,00+,2022-04-06,2022-04-02,-4 day ahead inc hosp,quantile,0.75,419,COVID-19
DE-SN,00+,2022-04-06,2022-04-02,-4 day ahead inc hosp,quantile,0.9,419,COVID-19
DE-SN,00+,2022-04-06,2022-04-02,-4 day ahead inc hosp,quantile,0.975,419,COVID-19
DE-SN,00+,2022-04-06,2022-04-03,-3 day ahead inc hosp,mean,NA,407,COVID-19
DE-SN,00+,2022-04-06,2022-04-03,-3 day ahead inc hosp,quantile,0.025,407,COVID-19
DE-SN,00+,2022-04-06,2022-04-03,-3 day ahead inc hosp,quantile,0.1,407,COVID-19
DE-SN,00+,2022-04-06,2022-04-03,-3 day ahead inc hosp,quantile,0.25,407,COVID-19
DE-SN,00+,2022-04-06,2022-04-03,-3 day ahead inc hosp,quantile,0.5,407,COVID-19
DE-SN,00+,2022-04-06,2022-04-03,-3 day ahead inc hosp,quantile,0.75,407,COVID-19
DE-SN,00+,2022-04-06,2022-04-03,-3 day ahead inc hosp,quantile,0.9,407,COVID-19
DE-SN,00+,2022-04-06,2022-04-03,-3 day ahead inc hosp,quantile,0.975,407,COVID-19
DE-SN,00+,2022-04-06,2022-04-04,-2 day ahead inc hosp,mean,NA,392,COVID-19
DE-SN,00+,2022-04-06,2022-04-04,-2 day ahead inc hosp,quantile,0.025,392,COVID-19
DE-SN,00+,2022-04-06,2022-04-04,-2 day ahead inc hosp,quantile,0.1,392,COVID-19
DE-SN,00+,2022-04-06,2022-04-04,-2 day ahead inc hosp,quantile,0.25,392,COVID-19
DE-SN,00+,2022-04-06,2022-04-04,-2 day ahead inc hosp,quantile,0.5,392,COVID-19
DE-SN,00+,2022-04-06,2022-04-04,-2 day ahead inc hosp,quantile,0.75,392,COVID-19
DE-SN,00+,2022-04-06,2022-04-04,-2 day ahead inc hosp,quantile,0.9,392,COVID-19
DE-SN,00+,2022-04-06,2022-04-04,-2 day ahead inc hosp,quantile,0.975,392,COVID-19
DE-SN,00+,2022-04-06,2022-04-05,-1 day ahead inc hosp,mean,NA,331,COVID-19
DE-SN,00+,2022-04-06,2022-04-05,-1 day ahead inc hosp,quantile,0.025,331,COVID-19
DE-SN,00+,2022-04-06,2022-04-05,-1 day ahead inc hosp,quantile,0.1,331,COVID-19
DE-SN,00+,2022-04-06,2022-04-05,-1 day ahead inc hosp,quantile,0.25,331,COVID-19
DE-SN,00+,2022-04-06,2022-04-05,-1 day ahead inc hosp,quantile,0.5,331,COVID-19
DE-SN,00+,2022-04-06,2022-04-05,-1 day ahead inc hosp,quantile,0.75,331,COVID-19
DE-SN,00+,2022-04-06,2022-04-05,-1 day ahead inc hosp,quantile,0.9,331,COVID-19
DE-SN,00+,2022-04-06,2022-04-05,-1 day ahead inc hosp,quantile,0.975,331,COVID-19
DE-SN,00+,2022-04-06,2022-04-06,0 day ahead inc hosp,mean,NA,272,COVID-19
DE-SN,00+,2022-04-06,2022-04-06,0 day ahead inc hosp,quantile,0.025,272,COVID-19
DE-SN,00+,2022-04-06,2022-04-06,0 day ahead inc hosp,quantile,0.1,272,COVID-19
DE-SN,00+,2022-04-06,2022-04-06,0 day ahead inc hosp,quantile,0.25,272,COVID-19
DE-SN,00+,2022-04-06,2022-04-06,0 day ahead inc hosp,quantile,0.5,272,COVID-19
DE-SN,00+,2022-04-06,2022-04-06,0 day ahead inc hosp,quantile,0.75,272,COVID-19
DE-SN,00+,2022-04-06,2022-04-06,0 day ahead inc hosp,quantile,0.9,272,COVID-19
DE-SN,00+,2022-04-06,2022-04-06,0 day ahead inc hosp,quantile,0.975,272,COVID-19
DE-ST,00+,2022-04-06,2022-03-09,-28 day ahead inc hosp,mean,NA,391,COVID-19
DE-ST,00+,2022-04-06,2022-03-09,-28 day ahead inc hosp,quantile,0.025,391,COVID-19
DE-ST,00+,2022-04-06,2022-03-09,-28 day ahead inc hosp,quantile,0.1,391,COVID-19
DE-ST,00+,2022-04-06,2022-03-09,-28 day ahead inc hosp,quantile,0.25,391,COVID-19
DE-ST,00+,2022-04-06,2022-03-09,-28 day ahead inc hosp,quantile,0.5,391,COVID-19
DE-ST,00+,2022-04-06,2022-03-09,-28 day ahead inc hosp,quantile,0.75,391,COVID-19
DE-ST,00+,2022-04-06,2022-03-09,-28 day ahead inc hosp,quantile,0.9,391,COVID-19
DE-ST,00+,2022-04-06,2022-03-09,-28 day ahead inc hosp,quantile,0.975,391,COVID-19
DE-ST,00+,2022-04-06,2022-03-10,-27 day ahead inc hosp,mean,NA,418,COVID-19
DE-ST,00+,2022-04-06,2022-03-10,-27 day ahead inc hosp,quantile,0.025,418,COVID-19
DE-ST,00+,2022-04-06,2022-03-10,-27 day ahead inc hosp,quantile,0.1,418,COVID-19
DE-ST,00+,2022-04-06,2022-03-10,-27 day ahead inc hosp,quantile,0.25,418,COVID-19
DE-ST,00+,2022-04-06,2022-03-10,-27 day ahead inc hosp,quantile,0.5,418,COVID-19
DE-ST,00+,2022-04-06,2022-03-10,-27 day ahead inc hosp,quantile,0.75,418,COVID-19
DE-ST,00+,2022-04-06,2022-03-10,-27 day ahead inc hosp,quantile,0.9,418,COVID-19
DE-ST,00+,2022-04-06,2022-03-10,-27 day ahead inc hosp,quantile,0.975,418,COVID-19
DE-ST,00+,2022-04-06,2022-03-11,-26 day ahead inc hosp,mean,NA,407,COVID-19
DE-ST,00+,2022-04-06,2022-03-11,-26 day ahead inc hosp,quantile,0.025,407,COVID-19
DE-ST,00+,2022-04-06,2022-03-11,-26 day ahead inc hosp,quantile,0.1,407,COVID-19
DE-ST,00+,2022-04-06,2022-03-11,-26 day ahead inc hosp,quantile,0.25,407,COVID-19
DE-ST,00+,2022-04-06,2022-03-11,-26 day ahead inc hosp,quantile,0.5,407,COVID-19
DE-ST,00+,2022-04-06,2022-03-11,-26 day ahead inc hosp,quantile,0.75,407,COVID-19
DE-ST,00+,2022-04-06,2022-03-11,-26 day ahead inc hosp,quantile,0.9,407,COVID-19
DE-ST,00+,2022-04-06,2022-03-11,-26 day ahead inc hosp,quantile,0.975,407,COVID-19
DE-ST,00+,2022-04-06,2022-03-12,-25 day ahead inc hosp,mean,NA,426,COVID-19
DE-ST,00+,2022-04-06,2022-03-12,-25 day ahead inc hosp,quantile,0.025,426,COVID-19
DE-ST,00+,2022-04-06,2022-03-12,-25 day ahead inc hosp,quantile,0.1,426,COVID-19
DE-ST,00+,2022-04-06,2022-03-12,-25 day ahead inc hosp,quantile,0.25,426,COVID-19
DE-ST,00+,2022-04-06,2022-03-12,-25 day ahead inc hosp,quantile,0.5,426,COVID-19
DE-ST,00+,2022-04-06,2022-03-12,-25 day ahead inc hosp,quantile,0.75,426,COVID-19
DE-ST,00+,2022-04-06,2022-03-12,-25 day ahead inc hosp,quantile,0.9,426,COVID-19
DE-ST,00+,2022-04-06,2022-03-12,-25 day ahead inc hosp,quantile,0.975,426,COVID-19
DE-ST,00+,2022-04-06,2022-03-13,-24 day ahead inc hosp,mean,NA,420,COVID-19
DE-ST,00+,2022-04-06,2022-03-13,-24 day ahead inc hosp,quantile,0.025,420,COVID-19
DE-ST,00+,2022-04-06,2022-03-13,-24 day ahead inc hosp,quantile,0.1,420,COVID-19
DE-ST,00+,2022-04-06,2022-03-13,-24 day ahead inc hosp,quantile,0.25,420,COVID-19
DE-ST,00+,2022-04-06,2022-03-13,-24 day ahead inc hosp,quantile,0.5,420,COVID-19
DE-ST,00+,2022-04-06,2022-03-13,-24 day ahead inc hosp,quantile,0.75,420,COVID-19
DE-ST,00+,2022-04-06,2022-03-13,-24 day ahead inc hosp,quantile,0.9,420,COVID-19
DE-ST,00+,2022-04-06,2022-03-13,-24 day ahead inc hosp,quantile,0.975,420,COVID-19
DE-ST,00+,2022-04-06,2022-03-14,-23 day ahead inc hosp,mean,NA,428,COVID-19
DE-ST,00+,2022-04-06,2022-03-14,-23 day ahead inc hosp,quantile,0.025,428,COVID-19
DE-ST,00+,2022-04-06,2022-03-14,-23 day ahead inc hosp,quantile,0.1,428,COVID-19
DE-ST,00+,2022-04-06,2022-03-14,-23 day ahead inc hosp,quantile,0.25,428,COVID-19
DE-ST,00+,2022-04-06,2022-03-14,-23 day ahead inc hosp,quantile,0.5,428,COVID-19
DE-ST,00+,2022-04-06,2022-03-14,-23 day ahead inc hosp,quantile,0.75,428,COVID-19
DE-ST,00+,2022-04-06,2022-03-14,-23 day ahead inc hosp,quantile,0.9,428,COVID-19
DE-ST,00+,2022-04-06,2022-03-14,-23 day ahead inc hosp,quantile,0.975,428,COVID-19
DE-ST,00+,2022-04-06,2022-03-15,-22 day ahead inc hosp,mean,NA,443,COVID-19
DE-ST,00+,2022-04-06,2022-03-15,-22 day ahead inc hosp,quantile,0.025,443,COVID-19
DE-ST,00+,2022-04-06,2022-03-15,-22 day ahead inc hosp,quantile,0.1,443,COVID-19
DE-ST,00+,2022-04-06,2022-03-15,-22 day ahead inc hosp,quantile,0.25,443,COVID-19
DE-ST,00+,2022-04-06,2022-03-15,-22 day ahead inc hosp,quantile,0.5,443,COVID-19
DE-ST,00+,2022-04-06,2022-03-15,-22 day ahead inc hosp,quantile,0.75,443,COVID-19
DE-ST,00+,2022-04-06,2022-03-15,-22 day ahead inc hosp,quantile,0.9,443,COVID-19
DE-ST,00+,2022-04-06,2022-03-15,-22 day ahead inc hosp,quantile,0.975,443,COVID-19
DE-ST,00+,2022-04-06,2022-03-16,-21 day ahead inc hosp,mean,NA,453,COVID-19
DE-ST,00+,2022-04-06,2022-03-16,-21 day ahead inc hosp,quantile,0.025,453,COVID-19
DE-ST,00+,2022-04-06,2022-03-16,-21 day ahead inc hosp,quantile,0.1,453,COVID-19
DE-ST,00+,2022-04-06,2022-03-16,-21 day ahead inc hosp,quantile,0.25,453,COVID-19
DE-ST,00+,2022-04-06,2022-03-16,-21 day ahead inc hosp,quantile,0.5,453,COVID-19
DE-ST,00+,2022-04-06,2022-03-16,-21 day ahead inc hosp,quantile,0.75,453,COVID-19
DE-ST,00+,2022-04-06,2022-03-16,-21 day ahead inc hosp,quantile,0.9,453,COVID-19
DE-ST,00+,2022-04-06,2022-03-16,-21 day ahead inc hosp,quantile,0.975,453,COVID-19
DE-ST,00+,2022-04-06,2022-03-17,-20 day ahead inc hosp,mean,NA,448,COVID-19
DE-ST,00+,2022-04-06,2022-03-17,-20 day ahead inc hosp,quantile,0.025,448,COVID-19
DE-ST,00+,2022-04-06,2022-03-17,-20 day ahead inc hosp,quantile,0.1,448,COVID-19
DE-ST,00+,2022-04-06,2022-03-17,-20 day ahead inc hosp,quantile,0.25,448,COVID-19
DE-ST,00+,2022-04-06,2022-03-17,-20 day ahead inc hosp,quantile,0.5,448,COVID-19
DE-ST,00+,2022-04-06,2022-03-17,-20 day ahead inc hosp,quantile,0.75,448,COVID-19
DE-ST,00+,2022-04-06,2022-03-17,-20 day ahead inc hosp,quantile,0.9,448,COVID-19
DE-ST,00+,2022-04-06,2022-03-17,-20 day ahead inc hosp,quantile,0.975,448,COVID-19
DE-ST,00+,2022-04-06,2022-03-18,-19 day ahead inc hosp,mean,NA,461,COVID-19
DE-ST,00+,2022-04-06,2022-03-18,-19 day ahead inc hosp,quantile,0.025,461,COVID-19
DE-ST,00+,2022-04-06,2022-03-18,-19 day ahead inc hosp,quantile,0.1,461,COVID-19
DE-ST,00+,2022-04-06,2022-03-18,-19 day ahead inc hosp,quantile,0.25,461,COVID-19
DE-ST,00+,2022-04-06,2022-03-18,-19 day ahead inc hosp,quantile,0.5,461,COVID-19
DE-ST,00+,2022-04-06,2022-03-18,-19 day ahead inc hosp,quantile,0.75,461,COVID-19
DE-ST,00+,2022-04-06,2022-03-18,-19 day ahead inc hosp,quantile,0.9,461,COVID-19
DE-ST,00+,2022-04-06,2022-03-18,-19 day ahead inc hosp,quantile,0.975,461,COVID-19
DE-ST,00+,2022-04-06,2022-03-19,-18 day ahead inc hosp,mean,NA,452,COVID-19
DE-ST,00+,2022-04-06,2022-03-19,-18 day ahead inc hosp,quantile,0.025,452,COVID-19
DE-ST,00+,2022-04-06,2022-03-19,-18 day ahead inc hosp,quantile,0.1,452,COVID-19
DE-ST,00+,2022-04-06,2022-03-19,-18 day ahead inc hosp,quantile,0.25,452,COVID-19
DE-ST,00+,2022-04-06,2022-03-19,-18 day ahead inc hosp,quantile,0.5,452,COVID-19
DE-ST,00+,2022-04-06,2022-03-19,-18 day ahead inc hosp,quantile,0.75,452,COVID-19
DE-ST,00+,2022-04-06,2022-03-19,-18 day ahead inc hosp,quantile,0.9,452,COVID-19
DE-ST,00+,2022-04-06,2022-03-19,-18 day ahead inc hosp,quantile,0.975,452,COVID-19
DE-ST,00+,2022-04-06,2022-03-20,-17 day ahead inc hosp,mean,NA,421,COVID-19
DE-ST,00+,2022-04-06,2022-03-20,-17 day ahead inc hosp,quantile,0.025,421,COVID-19
DE-ST,00+,2022-04-06,2022-03-20,-17 day ahead inc hosp,quantile,0.1,421,COVID-19
DE-ST,00+,2022-04-06,2022-03-20,-17 day ahead inc hosp,quantile,0.25,421,COVID-19
DE-ST,00+,2022-04-06,2022-03-20,-17 day ahead inc hosp,quantile,0.5,421,COVID-19
DE-ST,00+,2022-04-06,2022-03-20,-17 day ahead inc hosp,quantile,0.75,421,COVID-19
DE-ST,00+,2022-04-06,2022-03-20,-17 day ahead inc hosp,quantile,0.9,421,COVID-19
DE-ST,00+,2022-04-06,2022-03-20,-17 day ahead inc hosp,quantile,0.975,421,COVID-19
DE-ST,00+,2022-04-06,2022-03-21,-16 day ahead inc hosp,mean,NA,417,COVID-19
DE-ST,00+,2022-04-06,2022-03-21,-16 day ahead inc hosp,quantile,0.025,417,COVID-19
DE-ST,00+,2022-04-06,2022-03-21,-16 day ahead inc hosp,quantile,0.1,417,COVID-19
DE-ST,00+,2022-04-06,2022-03-21,-16 day ahead inc hosp,quantile,0.25,417,COVID-19
DE-ST,00+,2022-04-06,2022-03-21,-16 day ahead inc hosp,quantile,0.5,417,COVID-19
DE-ST,00+,2022-04-06,2022-03-21,-16 day ahead inc hosp,quantile,0.75,417,COVID-19
DE-ST,00+,2022-04-06,2022-03-21,-16 day ahead inc hosp,quantile,0.9,417,COVID-19
DE-ST,00+,2022-04-06,2022-03-21,-16 day ahead inc hosp,quantile,0.975,417,COVID-19
DE-ST,00+,2022-04-06,2022-03-22,-15 day ahead inc hosp,mean,NA,415,COVID-19
DE-ST,00+,2022-04-06,2022-03-22,-15 day ahead inc hosp,quantile,0.025,415,COVID-19
DE-ST,00+,2022-04-06,2022-03-22,-15 day ahead inc hosp,quantile,0.1,415,COVID-19
DE-ST,00+,2022-04-06,2022-03-22,-15 day ahead inc hosp,quantile,0.25,415,COVID-19
DE-ST,00+,2022-04-06,2022-03-22,-15 day ahead inc hosp,quantile,0.5,415,COVID-19
DE-ST,00+,2022-04-06,2022-03-22,-15 day ahead inc hosp,quantile,0.75,415,COVID-19
DE-ST,00+,2022-04-06,2022-03-22,-15 day ahead inc hosp,quantile,0.9,415,COVID-19
DE-ST,00+,2022-04-06,2022-03-22,-15 day ahead inc hosp,quantile,0.975,415,COVID-19
DE-ST,00+,2022-04-06,2022-03-23,-14 day ahead inc hosp,mean,NA,409,COVID-19
DE-ST,00+,2022-04-06,2022-03-23,-14 day ahead inc hosp,quantile,0.025,409,COVID-19
DE-ST,00+,2022-04-06,2022-03-23,-14 day ahead inc hosp,quantile,0.1,409,COVID-19
DE-ST,00+,2022-04-06,2022-03-23,-14 day ahead inc hosp,quantile,0.25,409,COVID-19
DE-ST,00+,2022-04-06,2022-03-23,-14 day ahead inc hosp,quantile,0.5,409,COVID-19
DE-ST,00+,2022-04-06,2022-03-23,-14 day ahead inc hosp,quantile,0.75,409,COVID-19
DE-ST,00+,2022-04-06,2022-03-23,-14 day ahead inc hosp,quantile,0.9,409,COVID-19
DE-ST,00+,2022-04-06,2022-03-23,-14 day ahead inc hosp,quantile,0.975,409,COVID-19
DE-ST,00+,2022-04-06,2022-03-24,-13 day ahead inc hosp,mean,NA,395,COVID-19
DE-ST,00+,2022-04-06,2022-03-24,-13 day ahead inc hosp,quantile,0.025,395,COVID-19
DE-ST,00+,2022-04-06,2022-03-24,-13 day ahead inc hosp,quantile,0.1,395,COVID-19
DE-ST,00+,2022-04-06,2022-03-24,-13 day ahead inc hosp,quantile,0.25,395,COVID-19
DE-ST,00+,2022-04-06,2022-03-24,-13 day ahead inc hosp,quantile,0.5,395,COVID-19
DE-ST,00+,2022-04-06,2022-03-24,-13 day ahead inc hosp,quantile,0.75,395,COVID-19
DE-ST,00+,2022-04-06,2022-03-24,-13 day ahead inc hosp,quantile,0.9,395,COVID-19
DE-ST,00+,2022-04-06,2022-03-24,-13 day ahead inc hosp,quantile,0.975,395,COVID-19
DE-ST,00+,2022-04-06,2022-03-25,-12 day ahead inc hosp,mean,NA,399,COVID-19
DE-ST,00+,2022-04-06,2022-03-25,-12 day ahead inc hosp,quantile,0.025,399,COVID-19
DE-ST,00+,2022-04-06,2022-03-25,-12 day ahead inc hosp,quantile,0.1,399,COVID-19
DE-ST,00+,2022-04-06,2022-03-25,-12 day ahead inc hosp,quantile,0.25,399,COVID-19
DE-ST,00+,2022-04-06,2022-03-25,-12 day ahead inc hosp,quantile,0.5,399,COVID-19
DE-ST,00+,2022-04-06,2022-03-25,-12 day ahead inc hosp,quantile,0.75,399,COVID-19
DE-ST,00+,2022-04-06,2022-03-25,-12 day ahead inc hosp,quantile,0.9,399,COVID-19
DE-ST,00+,2022-04-06,2022-03-25,-12 day ahead inc hosp,quantile,0.975,399,COVID-19
DE-ST,00+,2022-04-06,2022-03-26,-11 day ahead inc hosp,mean,NA,382,COVID-19
DE-ST,00+,2022-04-06,2022-03-26,-11 day ahead inc hosp,quantile,0.025,382,COVID-19
DE-ST,00+,2022-04-06,2022-03-26,-11 day ahead inc hosp,quantile,0.1,382,COVID-19
DE-ST,00+,2022-04-06,2022-03-26,-11 day ahead inc hosp,quantile,0.25,382,COVID-19
DE-ST,00+,2022-04-06,2022-03-26,-11 day ahead inc hosp,quantile,0.5,382,COVID-19
DE-ST,00+,2022-04-06,2022-03-26,-11 day ahead inc hosp,quantile,0.75,382,COVID-19
DE-ST,00+,2022-04-06,2022-03-26,-11 day ahead inc hosp,quantile,0.9,382,COVID-19
DE-ST,00+,2022-04-06,2022-03-26,-11 day ahead inc hosp,quantile,0.975,382,COVID-19
DE-ST,00+,2022-04-06,2022-03-27,-10 day ahead inc hosp,mean,NA,384,COVID-19
DE-ST,00+,2022-04-06,2022-03-27,-10 day ahead inc hosp,quantile,0.025,384,COVID-19
DE-ST,00+,2022-04-06,2022-03-27,-10 day ahead inc hosp,quantile,0.1,384,COVID-19
DE-ST,00+,2022-04-06,2022-03-27,-10 day ahead inc hosp,quantile,0.25,384,COVID-19
DE-ST,00+,2022-04-06,2022-03-27,-10 day ahead inc hosp,quantile,0.5,384,COVID-19
DE-ST,00+,2022-04-06,2022-03-27,-10 day ahead inc hosp,quantile,0.75,384,COVID-19
DE-ST,00+,2022-04-06,2022-03-27,-10 day ahead inc hosp,quantile,0.9,384,COVID-19
DE-ST,00+,2022-04-06,2022-03-27,-10 day ahead inc hosp,quantile,0.975,384,COVID-19
DE-ST,00+,2022-04-06,2022-03-28,-9 day ahead inc hosp,mean,NA,382,COVID-19
DE-ST,00+,2022-04-06,2022-03-28,-9 day ahead inc hosp,quantile,0.025,382,COVID-19
DE-ST,00+,2022-04-06,2022-03-28,-9 day ahead inc hosp,quantile,0.1,382,COVID-19
DE-ST,00+,2022-04-06,2022-03-28,-9 day ahead inc hosp,quantile,0.25,382,COVID-19
DE-ST,00+,2022-04-06,2022-03-28,-9 day ahead inc hosp,quantile,0.5,382,COVID-19
DE-ST,00+,2022-04-06,2022-03-28,-9 day ahead inc hosp,quantile,0.75,382,COVID-19
DE-ST,00+,2022-04-06,2022-03-28,-9 day ahead inc hosp,quantile,0.9,382,COVID-19
DE-ST,00+,2022-04-06,2022-03-28,-9 day ahead inc hosp,quantile,0.975,382,COVID-19
DE-ST,00+,2022-04-06,2022-03-29,-8 day ahead inc hosp,mean,NA,359,COVID-19
DE-ST,00+,2022-04-06,2022-03-29,-8 day ahead inc hosp,quantile,0.025,359,COVID-19
DE-ST,00+,2022-04-06,2022-03-29,-8 day ahead inc hosp,quantile,0.1,359,COVID-19
DE-ST,00+,2022-04-06,2022-03-29,-8 day ahead inc hosp,quantile,0.25,359,COVID-19
DE-ST,00+,2022-04-06,2022-03-29,-8 day ahead inc hosp,quantile,0.5,359,COVID-19
DE-ST,00+,2022-04-06,2022-03-29,-8 day ahead inc hosp,quantile,0.75,359,COVID-19
DE-ST,00+,2022-04-06,2022-03-29,-8 day ahead inc hosp,quantile,0.9,359,COVID-19
DE-ST,00+,2022-04-06,2022-03-29,-8 day ahead inc hosp,quantile,0.975,359,COVID-19
DE-ST,00+,2022-04-06,2022-03-30,-7 day ahead inc hosp,mean,NA,322,COVID-19
DE-ST,00+,2022-04-06,2022-03-30,-7 day ahead inc hosp,quantile,0.025,322,COVID-19
DE-ST,00+,2022-04-06,2022-03-30,-7 day ahead inc hosp,quantile,0.1,322,COVID-19
DE-ST,00+,2022-04-06,2022-03-30,-7 day ahead inc hosp,quantile,0.25,322,COVID-19
DE-ST,00+,2022-04-06,2022-03-30,-7 day ahead inc hosp,quantile,0.5,322,COVID-19
DE-ST,00+,2022-04-06,2022-03-30,-7 day ahead inc hosp,quantile,0.75,322,COVID-19
DE-ST,00+,2022-04-06,2022-03-30,-7 day ahead inc hosp,quantile,0.9,322,COVID-19
DE-ST,00+,2022-04-06,2022-03-30,-7 day ahead inc hosp,quantile,0.975,322,COVID-19
DE-ST,00+,2022-04-06,2022-03-31,-6 day ahead inc hosp,mean,NA,308,COVID-19
DE-ST,00+,2022-04-06,2022-03-31,-6 day ahead inc hosp,quantile,0.025,308,COVID-19
DE-ST,00+,2022-04-06,2022-03-31,-6 day ahead inc hosp,quantile,0.1,308,COVID-19
DE-ST,00+,2022-04-06,2022-03-31,-6 day ahead inc hosp,quantile,0.25,308,COVID-19
DE-ST,00+,2022-04-06,2022-03-31,-6 day ahead inc hosp,quantile,0.5,308,COVID-19
DE-ST,00+,2022-04-06,2022-03-31,-6 day ahead inc hosp,quantile,0.75,308,COVID-19
DE-ST,00+,2022-04-06,2022-03-31,-6 day ahead inc hosp,quantile,0.9,308,COVID-19
DE-ST,00+,2022-04-06,2022-03-31,-6 day ahead inc hosp,quantile,0.975,308,COVID-19
DE-ST,00+,2022-04-06,2022-04-01,-5 day ahead inc hosp,mean,NA,274,COVID-19
DE-ST,00+,2022-04-06,2022-04-01,-5 day ahead inc hosp,quantile,0.025,274,COVID-19
DE-ST,00+,2022-04-06,2022-04-01,-5 day ahead inc hosp,quantile,0.1,274,COVID-19
DE-ST,00+,2022-04-06,2022-04-01,-5 day ahead inc hosp,quantile,0.25,274,COVID-19
DE-ST,00+,2022-04-06,2022-04-01,-5 day ahead inc hosp,quantile,0.5,274,COVID-19
DE-ST,00+,2022-04-06,2022-04-01,-5 day ahead inc hosp,quantile,0.75,274,COVID-19
DE-ST,00+,2022-04-06,2022-04-01,-5 day ahead inc hosp,quantile,0.9,274,COVID-19
DE-ST,00+,2022-04-06,2022-04-01,-5 day ahead inc hosp,quantile,0.975,274,COVID-19
DE-ST,00+,2022-04-06,2022-04-02,-4 day ahead inc hosp,mean,NA,254,COVID-19
DE-ST,00+,2022-04-06,2022-04-02,-4 day ahead inc hosp,quantile,0.025,254,COVID-19
DE-ST,00+,2022-04-06,2022-04-02,-4 day ahead inc hosp,quantile,0.1,254,COVID-19
DE-ST,00+,2022-04-06,2022-04-02,-4 day ahead inc hosp,quantile,0.25,254,COVID-19
DE-ST,00+,2022-04-06,2022-04-02,-4 day ahead inc hosp,quantile,0.5,254,COVID-19
DE-ST,00+,2022-04-06,2022-04-02,-4 day ahead inc hosp,quantile,0.75,254,COVID-19
DE-ST,00+,2022-04-06,2022-04-02,-4 day ahead inc hosp,quantile,0.9,254,COVID-19
DE-ST,00+,2022-04-06,2022-04-02,-4 day ahead inc hosp,quantile,0.975,254,COVID-19
DE-ST,00+,2022-04-06,2022-04-03,-3 day ahead inc hosp,mean,NA,236,COVID-19
DE-ST,00+,2022-04-06,2022-04-03,-3 day ahead inc hosp,quantile,0.025,236,COVID-19
DE-ST,00+,2022-04-06,2022-04-03,-3 day ahead inc hosp,quantile,0.1,236,COVID-19
DE-ST,00+,2022-04-06,2022-04-03,-3 day ahead inc hosp,quantile,0.25,236,COVID-19
DE-ST,00+,2022-04-06,2022-04-03,-3 day ahead inc hosp,quantile,0.5,236,COVID-19
DE-ST,00+,2022-04-06,2022-04-03,-3 day ahead inc hosp,quantile,0.75,236,COVID-19
DE-ST,00+,2022-04-06,2022-04-03,-3 day ahead inc hosp,quantile,0.9,236,COVID-19
DE-ST,00+,2022-04-06,2022-04-03,-3 day ahead inc hosp,quantile,0.975,236,COVID-19
DE-ST,00+,2022-04-06,2022-04-04,-2 day ahead inc hosp,mean,NA,214,COVID-19
DE-ST,00+,2022-04-06,2022-04-04,-2 day ahead inc hosp,quantile,0.025,214,COVID-19
DE-ST,00+,2022-04-06,2022-04-04,-2 day ahead inc hosp,quantile,0.1,214,COVID-19
DE-ST,00+,2022-04-06,2022-04-04,-2 day ahead inc hosp,quantile,0.25,214,COVID-19
DE-ST,00+,2022-04-06,2022-04-04,-2 day ahead inc hosp,quantile,0.5,214,COVID-19
DE-ST,00+,2022-04-06,2022-04-04,-2 day ahead inc hosp,quantile,0.75,214,COVID-19
DE-ST,00+,2022-04-06,2022-04-04,-2 day ahead inc hosp,quantile,0.9,214,COVID-19
DE-ST,00+,2022-04-06,2022-04-04,-2 day ahead inc hosp,quantile,0.975,214,COVID-19
DE-ST,00+,2022-04-06,2022-04-05,-1 day ahead inc hosp,mean,NA,205,COVID-19
DE-ST,00+,2022-04-06,2022-04-05,-1 day ahead inc hosp,quantile,0.025,205,COVID-19
DE-ST,00+,2022-04-06,2022-04-05,-1 day ahead inc hosp,quantile,0.1,205,COVID-19
DE-ST,00+,2022-04-06,2022-04-05,-1 day ahead inc hosp,quantile,0.25,205,COVID-19
DE-ST,00+,2022-04-06,2022-04-05,-1 day ahead inc hosp,quantile,0.5,205,COVID-19
DE-ST,00+,2022-04-06,2022-04-05,-1 day ahead inc hosp,quantile,0.75,205,COVID-19
DE-ST,00+,2022-04-06,2022-04-05,-1 day ahead inc hosp,quantile,0.9,205,COVID-19
DE-ST,00+,2022-04-06,2022-04-05,-1 day ahead inc hosp,quantile,0.975,205,COVID-19
DE-ST,00+,2022-04-06,2022-04-06,0 day ahead inc hosp,mean,NA,177,COVID-19
DE-ST,00+,2022-04-06,2022-04-06,0 day ahead inc hosp,quantile,0.025,177,COVID-19
DE-ST,00+,2022-04-06,2022-04-06,0 day ahead inc hosp,quantile,0.1,177,COVID-19
DE-ST,00+,2022-04-06,2022-04-06,0 day ahead inc hosp,quantile,0.25,177,COVID-19
DE-ST,00+,2022-04-06,2022-04-06,0 day ahead inc hosp,quantile,0.5,177,COVID-19
DE-ST,00+,2022-04-06,2022-04-06,0 day ahead inc hosp,quantile,0.75,177,COVID-19
DE-ST,00+,2022-04-06,2022-04-06,0 day ahead inc hosp,quantile,0.9,177,COVID-19
DE-ST,00+,2022-04-06,2022-04-06,0 day ahead inc hosp,quantile,0.975,177,COVID-19
DE-TH,00+,2022-04-06,2022-03-09,-28 day ahead inc hosp,mean,NA,477,COVID-19
DE-TH,00+,2022-04-06,2022-03-09,-28 day ahead inc hosp,quantile,0.025,477,COVID-19
DE-TH,00+,2022-04-06,2022-03-09,-28 day ahead inc hosp,quantile,0.1,477,COVID-19
DE-TH,00+,2022-04-06,2022-03-09,-28 day ahead inc hosp,quantile,0.25,477,COVID-19
DE-TH,00+,2022-04-06,2022-03-09,-28 day ahead inc hosp,quantile,0.5,477,COVID-19
DE-TH,00+,2022-04-06,2022-03-09,-28 day ahead inc hosp,quantile,0.75,477,COVID-19
DE-TH,00+,2022-04-06,2022-03-09,-28 day ahead inc hosp,quantile,0.9,477,COVID-19
DE-TH,00+,2022-04-06,2022-03-09,-28 day ahead inc hosp,quantile,0.975,477,COVID-19
DE-TH,00+,2022-04-06,2022-03-10,-27 day ahead inc hosp,mean,NA,512,COVID-19
DE-TH,00+,2022-04-06,2022-03-10,-27 day ahead inc hosp,quantile,0.025,512,COVID-19
DE-TH,00+,2022-04-06,2022-03-10,-27 day ahead inc hosp,quantile,0.1,512,COVID-19
DE-TH,00+,2022-04-06,2022-03-10,-27 day ahead inc hosp,quantile,0.25,512,COVID-19
DE-TH,00+,2022-04-06,2022-03-10,-27 day ahead inc hosp,quantile,0.5,512,COVID-19
DE-TH,00+,2022-04-06,2022-03-10,-27 day ahead inc hosp,quantile,0.75,512,COVID-19
DE-TH,00+,2022-04-06,2022-03-10,-27 day ahead inc hosp,quantile,0.9,512,COVID-19
DE-TH,00+,2022-04-06,2022-03-10,-27 day ahead inc hosp,quantile,0.975,512,COVID-19
DE-TH,00+,2022-04-06,2022-03-11,-26 day ahead inc hosp,mean,NA,534,COVID-19
DE-TH,00+,2022-04-06,2022-03-11,-26 day ahead inc hosp,quantile,0.025,534,COVID-19
DE-TH,00+,2022-04-06,2022-03-11,-26 day ahead inc hosp,quantile,0.1,534,COVID-19
DE-TH,00+,2022-04-06,2022-03-11,-26 day ahead inc hosp,quantile,0.25,534,COVID-19
DE-TH,00+,2022-04-06,2022-03-11,-26 day ahead inc hosp,quantile,0.5,534,COVID-19
DE-TH,00+,2022-04-06,2022-03-11,-26 day ahead inc hosp,quantile,0.75,534,COVID-19
DE-TH,00+,2022-04-06,2022-03-11,-26 day ahead inc hosp,quantile,0.9,534,COVID-19
DE-TH,00+,2022-04-06,2022-03-11,-26 day ahead inc hosp,quantile,0.975,534,COVID-19
DE-TH,00+,2022-04-06,2022-03-12,-25 day ahead inc hosp,mean,NA,547,COVID-19
DE-TH,00+,2022-04-06,2022-03-12,-25 day ahead inc hosp,quantile,0.025,547,COVID-19
DE-TH,00+,2022-04-06,2022-03-12,-25 day ahead inc hosp,quantile,0.1,547,COVID-19
DE-TH,00+,2022-04-06,2022-03-12,-25 day ahead inc hosp,quantile,0.25,547,COVID-19
DE-TH,00+,2022-04-06,2022-03-12,-25 day ahead inc hosp,quantile,0.5,547,COVID-19
DE-TH,00+,2022-04-06,2022-03-12,-25 day ahead inc hosp,quantile,0.75,547,COVID-19
DE-TH,00+,2022-04-06,2022-03-12,-25 day ahead inc hosp,quantile,0.9,547,COVID-19
DE-TH,00+,2022-04-06,2022-03-12,-25 day ahead inc hosp,quantile,0.975,547,COVID-19
DE-TH,00+,2022-04-06,2022-03-13,-24 day ahead inc hosp,mean,NA,547,COVID-19
DE-TH,00+,2022-04-06,2022-03-13,-24 day ahead inc hosp,quantile,0.025,547,COVID-19
DE-TH,00+,2022-04-06,2022-03-13,-24 day ahead inc hosp,quantile,0.1,547,COVID-19
DE-TH,00+,2022-04-06,2022-03-13,-24 day ahead inc hosp,quantile,0.25,547,COVID-19
DE-TH,00+,2022-04-06,2022-03-13,-24 day ahead inc hosp,quantile,0.5,547,COVID-19
DE-TH,00+,2022-04-06,2022-03-13,-24 day ahead inc hosp,quantile,0.75,547,COVID-19
DE-TH,00+,2022-04-06,2022-03-13,-24 day ahead inc hosp,quantile,0.9,547,COVID-19
DE-TH,00+,2022-04-06,2022-03-13,-24 day ahead inc hosp,quantile,0.975,547,COVID-19
DE-TH,00+,2022-04-06,2022-03-14,-23 day ahead inc hosp,mean,NA,559,COVID-19
DE-TH,00+,2022-04-06,2022-03-14,-23 day ahead inc hosp,quantile,0.025,559,COVID-19
DE-TH,00+,2022-04-06,2022-03-14,-23 day ahead inc hosp,quantile,0.1,559,COVID-19
DE-TH,00+,2022-04-06,2022-03-14,-23 day ahead inc hosp,quantile,0.25,559,COVID-19
DE-TH,00+,2022-04-06,2022-03-14,-23 day ahead inc hosp,quantile,0.5,559,COVID-19
DE-TH,00+,2022-04-06,2022-03-14,-23 day ahead inc hosp,quantile,0.75,559,COVID-19
DE-TH,00+,2022-04-06,2022-03-14,-23 day ahead inc hosp,quantile,0.9,559,COVID-19
DE-TH,00+,2022-04-06,2022-03-14,-23 day ahead inc hosp,quantile,0.975,559,COVID-19
DE-TH,00+,2022-04-06,2022-03-15,-22 day ahead inc hosp,mean,NA,594,COVID-19
DE-TH,00+,2022-04-06,2022-03-15,-22 day ahead inc hosp,quantile,0.025,594,COVID-19
DE-TH,00+,2022-04-06,2022-03-15,-22 day ahead inc hosp,quantile,0.1,594,COVID-19
DE-TH,00+,2022-04-06,2022-03-15,-22 day ahead inc hosp,quantile,0.25,594,COVID-19
DE-TH,00+,2022-04-06,2022-03-15,-22 day ahead inc hosp,quantile,0.5,594,COVID-19
DE-TH,00+,2022-04-06,2022-03-15,-22 day ahead inc hosp,quantile,0.75,594,COVID-19
DE-TH,00+,2022-04-06,2022-03-15,-22 day ahead inc hosp,quantile,0.9,594,COVID-19
DE-TH,00+,2022-04-06,2022-03-15,-22 day ahead inc hosp,quantile,0.975,594,COVID-19
DE-TH,00+,2022-04-06,2022-03-16,-21 day ahead inc hosp,mean,NA,583,COVID-19
DE-TH,00+,2022-04-06,2022-03-16,-21 day ahead inc hosp,quantile,0.025,583,COVID-19
DE-TH,00+,2022-04-06,2022-03-16,-21 day ahead inc hosp,quantile,0.1,583,COVID-19
DE-TH,00+,2022-04-06,2022-03-16,-21 day ahead inc hosp,quantile,0.25,583,COVID-19
DE-TH,00+,2022-04-06,2022-03-16,-21 day ahead inc hosp,quantile,0.5,583,COVID-19
DE-TH,00+,2022-04-06,2022-03-16,-21 day ahead inc hosp,quantile,0.75,583,COVID-19
DE-TH,00+,2022-04-06,2022-03-16,-21 day ahead inc hosp,quantile,0.9,583,COVID-19
DE-TH,00+,2022-04-06,2022-03-16,-21 day ahead inc hosp,quantile,0.975,583,COVID-19
DE-TH,00+,2022-04-06,2022-03-17,-20 day ahead inc hosp,mean,NA,572,COVID-19
DE-TH,00+,2022-04-06,2022-03-17,-20 day ahead inc hosp,quantile,0.025,572,COVID-19
DE-TH,00+,2022-04-06,2022-03-17,-20 day ahead inc hosp,quantile,0.1,572,COVID-19
DE-TH,00+,2022-04-06,2022-03-17,-20 day ahead inc hosp,quantile,0.25,572,COVID-19
DE-TH,00+,2022-04-06,2022-03-17,-20 day ahead inc hosp,quantile,0.5,572,COVID-19
DE-TH,00+,2022-04-06,2022-03-17,-20 day ahead inc hosp,quantile,0.75,572,COVID-19
DE-TH,00+,2022-04-06,2022-03-17,-20 day ahead inc hosp,quantile,0.9,572,COVID-19
DE-TH,00+,2022-04-06,2022-03-17,-20 day ahead inc hosp,quantile,0.975,572,COVID-19
DE-TH,00+,2022-04-06,2022-03-18,-19 day ahead inc hosp,mean,NA,575,COVID-19
DE-TH,00+,2022-04-06,2022-03-18,-19 day ahead inc hosp,quantile,0.025,575,COVID-19
DE-TH,00+,2022-04-06,2022-03-18,-19 day ahead inc hosp,quantile,0.1,575,COVID-19
DE-TH,00+,2022-04-06,2022-03-18,-19 day ahead inc hosp,quantile,0.25,575,COVID-19
DE-TH,00+,2022-04-06,2022-03-18,-19 day ahead inc hosp,quantile,0.5,575,COVID-19
DE-TH,00+,2022-04-06,2022-03-18,-19 day ahead inc hosp,quantile,0.75,575,COVID-19
DE-TH,00+,2022-04-06,2022-03-18,-19 day ahead inc hosp,quantile,0.9,575,COVID-19
DE-TH,00+,2022-04-06,2022-03-18,-19 day ahead inc hosp,quantile,0.975,575,COVID-19
DE-TH,00+,2022-04-06,2022-03-19,-18 day ahead inc hosp,mean,NA,579,COVID-19
DE-TH,00+,2022-04-06,2022-03-19,-18 day ahead inc hosp,quantile,0.025,579,COVID-19
DE-TH,00+,2022-04-06,2022-03-19,-18 day ahead inc hosp,quantile,0.1,579,COVID-19
DE-TH,00+,2022-04-06,2022-03-19,-18 day ahead inc hosp,quantile,0.25,579,COVID-19
DE-TH,00+,2022-04-06,2022-03-19,-18 day ahead inc hosp,quantile,0.5,579,COVID-19
DE-TH,00+,2022-04-06,2022-03-19,-18 day ahead inc hosp,quantile,0.75,579,COVID-19
DE-TH,00+,2022-04-06,2022-03-19,-18 day ahead inc hosp,quantile,0.9,579,COVID-19
DE-TH,00+,2022-04-06,2022-03-19,-18 day ahead inc hosp,quantile,0.975,579,COVID-19
DE-TH,00+,2022-04-06,2022-03-20,-17 day ahead inc hosp,mean,NA,555,COVID-19
DE-TH,00+,2022-04-06,2022-03-20,-17 day ahead inc hosp,quantile,0.025,555,COVID-19
DE-TH,00+,2022-04-06,2022-03-20,-17 day ahead inc hosp,quantile,0.1,555,COVID-19
DE-TH,00+,2022-04-06,2022-03-20,-17 day ahead inc hosp,quantile,0.25,555,COVID-19
DE-TH,00+,2022-04-06,2022-03-20,-17 day ahead inc hosp,quantile,0.5,555,COVID-19
DE-TH,00+,2022-04-06,2022-03-20,-17 day ahead inc hosp,quantile,0.75,555,COVID-19
DE-TH,00+,2022-04-06,2022-03-20,-17 day ahead inc hosp,quantile,0.9,555,COVID-19
DE-TH,00+,2022-04-06,2022-03-20,-17 day ahead inc hosp,quantile,0.975,555,COVID-19
DE-TH,00+,2022-04-06,2022-03-21,-16 day ahead inc hosp,mean,NA,556,COVID-19
DE-TH,00+,2022-04-06,2022-03-21,-16 day ahead inc hosp,quantile,0.025,556,COVID-19
DE-TH,00+,2022-04-06,2022-03-21,-16 day ahead inc hosp,quantile,0.1,556,COVID-19
DE-TH,00+,2022-04-06,2022-03-21,-16 day ahead inc hosp,quantile,0.25,556,COVID-19
DE-TH,00+,2022-04-06,2022-03-21,-16 day ahead inc hosp,quantile,0.5,556,COVID-19
DE-TH,00+,2022-04-06,2022-03-21,-16 day ahead inc hosp,quantile,0.75,556,COVID-19
DE-TH,00+,2022-04-06,2022-03-21,-16 day ahead inc hosp,quantile,0.9,556,COVID-19
DE-TH,00+,2022-04-06,2022-03-21,-16 day ahead inc hosp,quantile,0.975,556,COVID-19
DE-TH,00+,2022-04-06,2022-03-22,-15 day ahead inc hosp,mean,NA,554,COVID-19
DE-TH,00+,2022-04-06,2022-03-22,-15 day ahead inc hosp,quantile,0.025,554,COVID-19
DE-TH,00+,2022-04-06,2022-03-22,-15 day ahead inc hosp,quantile,0.1,554,COVID-19
DE-TH,00+,2022-04-06,2022-03-22,-15 day ahead inc hosp,quantile,0.25,554,COVID-19
DE-TH,00+,2022-04-06,2022-03-22,-15 day ahead inc hosp,quantile,0.5,554,COVID-19
DE-TH,00+,2022-04-06,2022-03-22,-15 day ahead inc hosp,quantile,0.75,554,COVID-19
DE-TH,00+,2022-04-06,2022-03-22,-15 day ahead inc hosp,quantile,0.9,554,COVID-19
DE-TH,00+,2022-04-06,2022-03-22,-15 day ahead inc hosp,quantile,0.975,554,COVID-19
DE-TH,00+,2022-04-06,2022-03-23,-14 day ahead inc hosp,mean,NA,540,COVID-19
DE-TH,00+,2022-04-06,2022-03-23,-14 day ahead inc hosp,quantile,0.025,540,COVID-19
DE-TH,00+,2022-04-06,2022-03-23,-14 day ahead inc hosp,quantile,0.1,540,COVID-19
DE-TH,00+,2022-04-06,2022-03-23,-14 day ahead inc hosp,quantile,0.25,540,COVID-19
DE-TH,00+,2022-04-06,2022-03-23,-14 day ahead inc hosp,quantile,0.5,540,COVID-19
DE-TH,00+,2022-04-06,2022-03-23,-14 day ahead inc hosp,quantile,0.75,540,COVID-19
DE-TH,00+,2022-04-06,2022-03-23,-14 day ahead inc hosp,quantile,0.9,540,COVID-19
DE-TH,00+,2022-04-06,2022-03-23,-14 day ahead inc hosp,quantile,0.975,540,COVID-19
DE-TH,00+,2022-04-06,2022-03-24,-13 day ahead inc hosp,mean,NA,521,COVID-19
DE-TH,00+,2022-04-06,2022-03-24,-13 day ahead inc hosp,quantile,0.025,521,COVID-19
DE-TH,00+,2022-04-06,2022-03-24,-13 day ahead inc hosp,quantile,0.1,521,COVID-19
DE-TH,00+,2022-04-06,2022-03-24,-13 day ahead inc hosp,quantile,0.25,521,COVID-19
DE-TH,00+,2022-04-06,2022-03-24,-13 day ahead inc hosp,quantile,0.5,521,COVID-19
DE-TH,00+,2022-04-06,2022-03-24,-13 day ahead inc hosp,quantile,0.75,521,COVID-19
DE-TH,00+,2022-04-06,2022-03-24,-13 day ahead inc hosp,quantile,0.9,521,COVID-19
DE-TH,00+,2022-04-06,2022-03-24,-13 day ahead inc hosp,quantile,0.975,521,COVID-19
DE-TH,00+,2022-04-06,2022-03-25,-12 day ahead inc hosp,mean,NA,482,COVID-19
DE-TH,00+,2022-04-06,2022-03-25,-12 day ahead inc hosp,quantile,0.025,482,COVID-19
DE-TH,00+,2022-04-06,2022-03-25,-12 day ahead inc hosp,quantile,0.1,482,COVID-19
DE-TH,00+,2022-04-06,2022-03-25,-12 day ahead inc hosp,quantile,0.25,482,COVID-19
DE-TH,00+,2022-04-06,2022-03-25,-12 day ahead inc hosp,quantile,0.5,482,COVID-19
DE-TH,00+,2022-04-06,2022-03-25,-12 day ahead inc hosp,quantile,0.75,482,COVID-19
DE-TH,00+,2022-04-06,2022-03-25,-12 day ahead inc hosp,quantile,0.9,482,COVID-19
DE-TH,00+,2022-04-06,2022-03-25,-12 day ahead inc hosp,quantile,0.975,482,COVID-19
DE-TH,00+,2022-04-06,2022-03-26,-11 day ahead inc hosp,mean,NA,465,COVID-19
DE-TH,00+,2022-04-06,2022-03-26,-11 day ahead inc hosp,quantile,0.025,465,COVID-19
DE-TH,00+,2022-04-06,2022-03-26,-11 day ahead inc hosp,quantile,0.1,465,COVID-19
DE-TH,00+,2022-04-06,2022-03-26,-11 day ahead inc hosp,quantile,0.25,465,COVID-19
DE-TH,00+,2022-04-06,2022-03-26,-11 day ahead inc hosp,quantile,0.5,465,COVID-19
DE-TH,00+,2022-04-06,2022-03-26,-11 day ahead inc hosp,quantile,0.75,465,COVID-19
DE-TH,00+,2022-04-06,2022-03-26,-11 day ahead inc hosp,quantile,0.9,465,COVID-19
DE-TH,00+,2022-04-06,2022-03-26,-11 day ahead inc hosp,quantile,0.975,465,COVID-19
DE-TH,00+,2022-04-06,2022-03-27,-10 day ahead inc hosp,mean,NA,454,COVID-19
DE-TH,00+,2022-04-06,2022-03-27,-10 day ahead inc hosp,quantile,0.025,454,COVID-19
DE-TH,00+,2022-04-06,2022-03-27,-10 day ahead inc hosp,quantile,0.1,454,COVID-19
DE-TH,00+,2022-04-06,2022-03-27,-10 day ahead inc hosp,quantile,0.25,454,COVID-19
DE-TH,00+,2022-04-06,2022-03-27,-10 day ahead inc hosp,quantile,0.5,454,COVID-19
DE-TH,00+,2022-04-06,2022-03-27,-10 day ahead inc hosp,quantile,0.75,454,COVID-19
DE-TH,00+,2022-04-06,2022-03-27,-10 day ahead inc hosp,quantile,0.9,454,COVID-19
DE-TH,00+,2022-04-06,2022-03-27,-10 day ahead inc hosp,quantile,0.975,454,COVID-19
DE-TH,00+,2022-04-06,2022-03-28,-9 day ahead inc hosp,mean,NA,448,COVID-19
DE-TH,00+,2022-04-06,2022-03-28,-9 day ahead inc hosp,quantile,0.025,448,COVID-19
DE-TH,00+,2022-04-06,2022-03-28,-9 day ahead inc hosp,quantile,0.1,448,COVID-19
DE-TH,00+,2022-04-06,2022-03-28,-9 day ahead inc hosp,quantile,0.25,448,COVID-19
DE-TH,00+,2022-04-06,2022-03-28,-9 day ahead inc hosp,quantile,0.5,448,COVID-19
DE-TH,00+,2022-04-06,2022-03-28,-9 day ahead inc hosp,quantile,0.75,448,COVID-19
DE-TH,00+,2022-04-06,2022-03-28,-9 day ahead inc hosp,quantile,0.9,448,COVID-19
DE-TH,00+,2022-04-06,2022-03-28,-9 day ahead inc hosp,quantile,0.975,448,COVID-19
DE-TH,00+,2022-04-06,2022-03-29,-8 day ahead inc hosp,mean,NA,421,COVID-19
DE-TH,00+,2022-04-06,2022-03-29,-8 day ahead inc hosp,quantile,0.025,421,COVID-19
DE-TH,00+,2022-04-06,2022-03-29,-8 day ahead inc hosp,quantile,0.1,421,COVID-19
DE-TH,00+,2022-04-06,2022-03-29,-8 day ahead inc hosp,quantile,0.25,421,COVID-19
DE-TH,00+,2022-04-06,2022-03-29,-8 day ahead inc hosp,quantile,0.5,421,COVID-19
DE-TH,00+,2022-04-06,2022-03-29,-8 day ahead inc hosp,quantile,0.75,421,COVID-19
DE-TH,00+,2022-04-06,2022-03-29,-8 day ahead inc hosp,quantile,0.9,421,COVID-19
DE-TH,00+,2022-04-06,2022-03-29,-8 day ahead inc hosp,quantile,0.975,421,COVID-19
DE-TH,00+,2022-04-06,2022-03-30,-7 day ahead inc hosp,mean,NA,418,COVID-19
DE-TH,00+,2022-04-06,2022-03-30,-7 day ahead inc hosp,quantile,0.025,418,COVID-19
DE-TH,00+,2022-04-06,2022-03-30,-7 day ahead inc hosp,quantile,0.1,418,COVID-19
DE-TH,00+,2022-04-06,2022-03-30,-7 day ahead inc hosp,quantile,0.25,418,COVID-19
DE-TH,00+,2022-04-06,2022-03-30,-7 day ahead inc hosp,quantile,0.5,418,COVID-19
DE-TH,00+,2022-04-06,2022-03-30,-7 day ahead inc hosp,quantile,0.75,418,COVID-19
DE-TH,00+,2022-04-06,2022-03-30,-7 day ahead inc hosp,quantile,0.9,418,COVID-19
DE-TH,00+,2022-04-06,2022-03-30,-7 day ahead inc hosp,quantile,0.975,418,COVID-19
DE-TH,00+,2022-04-06,2022-03-31,-6 day ahead inc hosp,mean,NA,451,COVID-19
DE-TH,00+,2022-04-06,2022-03-31,-6 day ahead inc hosp,quantile,0.025,451,COVID-19
DE-TH,00+,2022-04-06,2022-03-31,-6 day ahead inc hosp,quantile,0.1,451,COVID-19
DE-TH,00+,2022-04-06,2022-03-31,-6 day ahead inc hosp,quantile,0.25,451,COVID-19
DE-TH,00+,2022-04-06,2022-03-31,-6 day ahead inc hosp,quantile,0.5,451,COVID-19
DE-TH,00+,2022-04-06,2022-03-31,-6 day ahead inc hosp,quantile,0.75,451,COVID-19
DE-TH,00+,2022-04-06,2022-03-31,-6 day ahead inc hosp,quantile,0.9,451,COVID-19
DE-TH,00+,2022-04-06,2022-03-31,-6 day ahead inc hosp,quantile,0.975,451,COVID-19
DE-TH,00+,2022-04-06,2022-04-01,-5 day ahead inc hosp,mean,NA,453,COVID-19
DE-TH,00+,2022-04-06,2022-04-01,-5 day ahead inc hosp,quantile,0.025,453,COVID-19
DE-TH,00+,2022-04-06,2022-04-01,-5 day ahead inc hosp,quantile,0.1,453,COVID-19
DE-TH,00+,2022-04-06,2022-04-01,-5 day ahead inc hosp,quantile,0.25,453,COVID-19
DE-TH,00+,2022-04-06,2022-04-01,-5 day ahead inc hosp,quantile,0.5,453,COVID-19
DE-TH,00+,2022-04-06,2022-04-01,-5 day ahead inc hosp,quantile,0.75,453,COVID-19
DE-TH,00+,2022-04-06,2022-04-01,-5 day ahead inc hosp,quantile,0.9,453,COVID-19
DE-TH,00+,2022-04-06,2022-04-01,-5 day ahead inc hosp,quantile,0.975,453,COVID-19
DE-TH,00+,2022-04-06,2022-04-02,-4 day ahead inc hosp,mean,NA,447,COVID-19
DE-TH,00+,2022-04-06,2022-04-02,-4 day ahead inc hosp,quantile,0.025,447,COVID-19
DE-TH,00+,2022-04-06,2022-04-02,-4 day ahead inc hosp,quantile,0.1,447,COVID-19
DE-TH,00+,2022-04-06,2022-04-02,-4 day ahead inc hosp,quantile,0.25,447,COVID-19
DE-TH,00+,2022-04-06,2022-04-02,-4 day ahead inc hosp,quantile,0.5,447,COVID-19
DE-TH,00+,2022-04-06,2022-04-02,-4 day ahead inc hosp,quantile,0.75,447,COVID-19
DE-TH,00+,2022-04-06,2022-04-02,-4 day ahead inc hosp,quantile,0.9,447,COVID-19
DE-TH,00+,2022-04-06,2022-04-02,-4 day ahead inc hosp,quantile,0.975,447,COVID-19
DE-TH,00+,2022-04-06,2022-04-03,-3 day ahead inc hosp,mean,NA,441,COVID-19
DE-TH,00+,2022-04-06,2022-04-03,-3 day ahead inc hosp,quantile,0.025,441,COVID-19
DE-TH,00+,2022-04-06,2022-04-03,-3 day ahead inc hosp,quantile,0.1,441,COVID-19
DE-TH,00+,2022-04-06,2022-04-03,-3 day ahead inc hosp,quantile,0.25,441,COVID-19
DE-TH,00+,2022-04-06,2022-04-03,-3 day ahead inc hosp,quantile,0.5,441,COVID-19
DE-TH,00+,2022-04-06,2022-04-03,-3 day ahead inc hosp,quantile,0.75,441,COVID-19
DE-TH,00+,2022-04-06,2022-04-03,-3 day ahead inc hosp,quantile,0.9,441,COVID-19
DE-TH,00+,2022-04-06,2022-04-03,-3 day ahead inc hosp,quantile,0.975,441,COVID-19
DE-TH,00+,2022-04-06,2022-04-04,-2 day ahead inc hosp,mean,NA,418,COVID-19
DE-TH,00+,2022-04-06,2022-04-04,-2 day ahead inc hosp,quantile,0.025,418,COVID-19
DE-TH,00+,2022-04-06,2022-04-04,-2 day ahead inc hosp,quantile,0.1,418,COVID-19
DE-TH,00+,2022-04-06,2022-04-04,-2 day ahead inc hosp,quantile,0.25,418,COVID-19
DE-TH,00+,2022-04-06,2022-04-04,-2 day ahead inc hosp,quantile,0.5,418,COVID-19
DE-TH,00+,2022-04-06,2022-04-04,-2 day ahead inc hosp,quantile,0.75,418,COVID-19
DE-TH,00+,2022-04-06,2022-04-04,-2 day ahead inc hosp,quantile,0.9,418,COVID-19
DE-TH,00+,2022-04-06,2022-04-04,-2 day ahead inc hosp,quantile,0.975,418,COVID-19
DE-TH,00+,2022-04-06,2022-04-05,-1 day ahead inc hosp,mean,NA,379,COVID-19
DE-TH,00+,2022-04-06,2022-04-05,-1 day ahead inc hosp,quantile,0.025,379,COVID-19
DE-TH,00+,2022-04-06,2022-04-05,-1 day ahead inc hosp,quantile,0.1,379,COVID-19
DE-TH,00+,2022-04-06,2022-04-05,-1 day ahead inc hosp,quantile,0.25,379,COVID-19
DE-TH,00+,2022-04-06,2022-04-05,-1 day ahead inc hosp,quantile,0.5,379,COVID-19
DE-TH,00+,2022-04-06,2022-04-05,-1 day ahead inc hosp,quantile,0.75,379,COVID-19
DE-TH,00+,2022-04-06,2022-04-05,-1 day ahead inc hosp,quantile,0.9,379,COVID-19
DE-TH,00+,2022-04-06,2022-04-05,-1 day ahead inc hosp,quantile,0.975,379,COVID-19
DE-TH,00+,2022-04-06,2022-04-06,0 day ahead inc hosp,mean,NA,321,COVID-19
DE-TH,00+,2022-04-06,2022-04-06,0 day ahead inc hosp,quantile,0.025,321,COVID-19
DE-TH,00+,2022-04-06,2022-04-06,0 day ahead inc hosp,quantile,0.1,321,COVID-19
DE-TH,00+,2022-04-06,2022-04-06,0 day ahead inc hosp,quantile,0.25,321,COVID-19
DE-TH,00+,2022-04-06,2022-04-06,0 day ahead inc hosp,quantile,0.5,321,COVID-19
DE-TH,00+,2022-04-06,2022-04-06,0 day ahead inc hosp,quantile,0.75,321,COVID-19
DE-TH,00+,2022-04-06,2022-04-06,0 day ahead inc hosp,quantile,0.9,321,COVID-19
DE-TH,00+,2022-04-06,2022-04-06,0 day ahead inc hosp,quantile,0.975,321,COVID-19
